1,8.888889e+000,4.444446e+000,4.444446e+000
2,8.888889e+000,4.444449e+000,4.444449e+000
3,8.888889e+000,4.444454e+000,4.444454e+000
4,8.888889e+000,4.444462e+000,4.444462e+000
5,8.888890e+000,4.444472e+000,4.444472e+000
6,8.888890e+000,4.444484e+000,4.444484e+000
7,8.888890e+000,4.444498e+000,4.444498e+000
8,8.888891e+000,4.444514e+000,4.444514e+000
9,8.888891e+000,4.444533e+000,4.444533e+000
10,8.888892e+000,4.444554e+000,4.444554e+000
11,8.888892e+000,4.444577e+000,4.444577e+000
12,8.888893e+000,4.444602e+000,4.444602e+000
13,8.888893e+000,4.444629e+000,4.444629e+000
14,8.888894e+000,4.444659e+000,4.444659e+000
15,8.888895e+000,4.444690e+000,4.444690e+000
16,8.888896e+000,4.444724e+000,4.444724e+000
17,8.888897e+000,4.444760e+000,4.444760e+000
18,8.888898e+000,4.444799e+000,4.444799e+000
19,8.888899e+000,4.444839e+000,4.444839e+000
20,8.888900e+000,4.444882e+000,4.444882e+000
21,8.888901e+000,4.444926e+000,4.444926e+000
22,8.888902e+000,4.444973e+000,4.444973e+000
23,8.888903e+000,4.445023e+000,4.445023e+000
24,8.888904e+000,4.445074e+000,4.445074e+000
25,8.888906e+000,4.445128e+000,4.445128e+000
26,8.888907e+000,4.445183e+000,4.445183e+000
27,8.888909e+000,4.445241e+000,4.445241e+000
28,8.888910e+000,4.445301e+000,4.445301e+000
29,8.888912e+000,4.445364e+000,4.445364e+000
30,8.888913e+000,4.445428e+000,4.445428e+000
31,8.888915e+000,4.445495e+000,4.445495e+000
32,8.888917e+000,4.445564e+000,4.445564e+000
33,8.888918e+000,4.445635e+000,4.445635e+000
34,8.888920e+000,4.445708e+000,4.445708e+000
35,8.888922e+000,4.445784e+000,4.445784e+000
36,8.888924e+000,4.445861e+000,4.445861e+000
37,8.888926e+000,4.445941e+000,4.445941e+000
38,8.888928e+000,4.446023e+000,4.446023e+000
39,8.888930e+000,4.446107e+000,4.446107e+000
40,8.888932e+000,4.446194e+000,4.446194e+000
41,8.888934e+000,4.446282e+000,4.446282e+000
42,8.888936e+000,4.446373e+000,4.446373e+000
43,8.888939e+000,4.446466e+000,4.446466e+000
44,8.888941e+000,4.446561e+000,4.446561e+000
45,8.888943e+000,4.446658e+000,4.446658e+000
46,8.888946e+000,4.446758e+000,4.446758e+000
47,8.888948e+000,4.446860e+000,4.446860e+000
48,8.888951e+000,4.446964e+000,4.446964e+000
49,8.888953e+000,4.447070e+000,4.447070e+000
50,8.888956e+000,4.447178e+000,4.447178e+000
51,8.888959e+000,4.447288e+000,4.447288e+000
52,8.888962e+000,4.447401e+000,4.447401e+000
53,8.888964e+000,4.447516e+000,4.447516e+000
54,8.888967e+000,4.447633e+000,4.447633e+000
55,8.888970e+000,4.447752e+000,4.447752e+000
56,8.888973e+000,4.447874e+000,4.447874e+000
57,8.888976e+000,4.447997e+000,4.447997e+000
58,8.888979e+000,4.448123e+000,4.448123e+000
59,8.888982e+000,4.448251e+000,4.448251e+000
60,8.888985e+000,4.448381e+000,4.448381e+000
61,8.888989e+000,4.448514e+000,4.448514e+000
62,8.888992e+000,4.448648e+000,4.448648e+000
63,8.888995e+000,4.448785e+000,4.448785e+000
64,8.888998e+000,4.448924e+000,4.448924e+000
65,8.889002e+000,4.449065e+000,4.449065e+000
66,8.889005e+000,4.449209e+000,4.449209e+000
67,8.889009e+000,4.449354e+000,4.449354e+000
68,8.889012e+000,4.449502e+000,4.449502e+000
69,8.889016e+000,4.449652e+000,4.449652e+000
70,8.889019e+000,4.449804e+000,4.449804e+000
71,8.889023e+000,4.449958e+000,4.449958e+000
72,8.889027e+000,4.450115e+000,4.450115e+000
73,8.889031e+000,4.450274e+000,4.450274e+000
74,8.889035e+000,4.450434e+000,4.450434e+000
75,8.889038e+000,4.450598e+000,4.450598e+000
76,8.889042e+000,4.450763e+000,4.450763e+000
77,8.889046e+000,4.450930e+000,4.450930e+000
78,8.889050e+000,4.451100e+000,4.451100e+000
79,8.889054e+000,4.451272e+000,4.451272e+000
80,8.889058e+000,4.451446e+000,4.451446e+000
81,8.889063e+000,4.451622e+000,4.451622e+000
82,8.889067e+000,4.451801e+000,4.451801e+000
83,8.889071e+000,4.451982e+000,4.451982e+000
84,8.889075e+000,4.452165e+000,4.452165e+000
85,8.889080e+000,4.452350e+000,4.452350e+000
86,8.889084e+000,4.452537e+000,4.452537e+000
87,8.889089e+000,4.452727e+000,4.452727e+000
88,8.889093e+000,4.452918e+000,4.452918e+000
89,8.889098e+000,4.453112e+000,4.453112e+000
90,8.889102e+000,4.453308e+000,4.453308e+000
91,8.889107e+000,4.453507e+000,4.453507e+000
92,8.889111e+000,4.453707e+000,4.453707e+000
93,8.889116e+000,4.453910e+000,4.453910e+000
94,8.889121e+000,4.454115e+000,4.454115e+000
95,8.889126e+000,4.454322e+000,4.454322e+000
96,8.889130e+000,4.454531e+000,4.454531e+000
97,8.889135e+000,4.454743e+000,4.454743e+000
98,8.889140e+000,4.454956e+000,4.454956e+000
99,8.889145e+000,4.455172e+000,4.455172e+000
100,8.889150e+000,4.455391e+000,4.455391e+000
101,8.889155e+000,4.455611e+000,4.455611e+000
102,8.889160e+000,4.455834e+000,4.455834e+000
103,8.889165e+000,4.456058e+000,4.456058e+000
104,8.889171e+000,4.456285e+000,4.456285e+000
105,8.889176e+000,4.456514e+000,4.456514e+000
106,8.889181e+000,4.456746e+000,4.456746e+000
107,8.889186e+000,4.456979e+000,4.456979e+000
108,8.889192e+000,4.457215e+000,4.457215e+000
109,8.889197e+000,4.457453e+000,4.457453e+000
110,8.889202e+000,4.457693e+000,4.457693e+000
111,8.889208e+000,4.457936e+000,4.457936e+000
112,8.889213e+000,4.458181e+000,4.458181e+000
113,8.889219e+000,4.458427e+000,4.458427e+000
114,8.889224e+000,4.458676e+000,4.458676e+000
115,8.889230e+000,4.458928e+000,4.458928e+000
116,8.889236e+000,4.459181e+000,4.459181e+000
117,8.889241e+000,4.459437e+000,4.459437e+000
118,8.889247e+000,4.459695e+000,4.459695e+000
119,8.889253e+000,4.459955e+000,4.459955e+000
120,8.889259e+000,4.460217e+000,4.460217e+000
121,8.889264e+000,4.460482e+000,4.460482e+000
122,8.889270e+000,4.460749e+000,4.460749e+000
123,8.889276e+000,4.461018e+000,4.461018e+000
124,8.889282e+000,4.461289e+000,4.461289e+000
125,8.889288e+000,4.461562e+000,4.461562e+000
126,8.889294e+000,4.461838e+000,4.461838e+000
127,8.889300e+000,4.462116e+000,4.462116e+000
128,8.889306e+000,4.462396e+000,4.462396e+000
129,8.889312e+000,4.462678e+000,4.462678e+000
130,8.889319e+000,4.462963e+000,4.462963e+000
131,8.889325e+000,4.463249e+000,4.463249e+000
132,8.889331e+000,4.463538e+000,4.463538e+000
133,8.889337e+000,4.463830e+000,4.463830e+000
134,8.889343e+000,4.464123e+000,4.464123e+000
135,8.889350e+000,4.464419e+000,4.464419e+000
136,8.889356e+000,4.464716e+000,4.464716e+000
137,8.889362e+000,4.465016e+000,4.465016e+000
138,8.889369e+000,4.465319e+000,4.465319e+000
139,8.889375e+000,4.465623e+000,4.465623e+000
140,8.889382e+000,4.465930e+000,4.465930e+000
141,8.889388e+000,4.466239e+000,4.466239e+000
142,8.889395e+000,4.466550e+000,4.466550e+000
143,8.889401e+000,4.466864e+000,4.466864e+000
144,8.889408e+000,4.467179e+000,4.467179e+000
145,8.889414e+000,4.467497e+000,4.467497e+000
146,8.889421e+000,4.467817e+000,4.467817e+000
147,8.889428e+000,4.468139e+000,4.468139e+000
148,8.889434e+000,4.468464e+000,4.468464e+000
149,8.889441e+000,4.468791e+000,4.468791e+000
150,8.889448e+000,4.469120e+000,4.469120e+000
151,8.889455e+000,4.469451e+000,4.469451e+000
152,8.889462e+000,4.469785e+000,4.469785e+000
153,8.889468e+000,4.470120e+000,4.470120e+000
154,8.889475e+000,4.470458e+000,4.470458e+000
155,8.889482e+000,4.470798e+000,4.470798e+000
156,8.889489e+000,4.471141e+000,4.471141e+000
157,8.889496e+000,4.471485e+000,4.471485e+000
158,8.889503e+000,4.471832e+000,4.471832e+000
159,8.889510e+000,4.472181e+000,4.472181e+000
160,8.889517e+000,4.472533e+000,4.472533e+000
161,8.889524e+000,4.472886e+000,4.472886e+000
162,8.889531e+000,4.473242e+000,4.473242e+000
163,8.889538e+000,4.473600e+000,4.473600e+000
164,8.889545e+000,4.473960e+000,4.473960e+000
165,8.889552e+000,4.474323e+000,4.474323e+000
166,8.889559e+000,4.474688e+000,4.474688e+000
167,8.889566e+000,4.475055e+000,4.475055e+000
168,8.889574e+000,4.475424e+000,4.475424e+000
169,8.889581e+000,4.475795e+000,4.475795e+000
170,8.889588e+000,4.476169e+000,4.476169e+000
171,8.889595e+000,4.476545e+000,4.476545e+000
172,8.889603e+000,4.476923e+000,4.476923e+000
173,8.889610e+000,4.477304e+000,4.477304e+000
174,8.889617e+000,4.477687e+000,4.477687e+000
175,8.889624e+000,4.478072e+000,4.478072e+000
176,8.889632e+000,4.478459e+000,4.478459e+000
177,8.889639e+000,4.478848e+000,4.478848e+000
178,8.889646e+000,4.479240e+000,4.479240e+000
179,8.889654e+000,4.479634e+000,4.479634e+000
180,8.889661e+000,4.480030e+000,4.480030e+000
181,8.889669e+000,4.480428e+000,4.480428e+000
182,8.889676e+000,4.480829e+000,4.480829e+000
183,8.889683e+000,4.481232e+000,4.481232e+000
184,8.889691e+000,4.481637e+000,4.481637e+000
185,8.889698e+000,4.482045e+000,4.482045e+000
186,8.889706e+000,4.482454e+000,4.482454e+000
187,8.889713e+000,4.482866e+000,4.482866e+000
188,8.889721e+000,4.483281e+000,4.483281e+000
189,8.889728e+000,4.483697e+000,4.483697e+000
190,8.889736e+000,4.484116e+000,4.484116e+000
191,8.889743e+000,4.484537e+000,4.484537e+000
192,8.889751e+000,4.484960e+000,4.484960e+000
193,8.889758e+000,4.485386e+000,4.485386e+000
194,8.889766e+000,4.485813e+000,4.485813e+000
195,8.889773e+000,4.486243e+000,4.486243e+000
196,8.889781e+000,4.486676e+000,4.486676e+000
197,8.889788e+000,4.487110e+000,4.487110e+000
198,8.889796e+000,4.487547e+000,4.487547e+000
199,8.889804e+000,4.487986e+000,4.487986e+000
200,8.889811e+000,4.488428e+000,4.488428e+000
201,8.889819e+000,4.488871e+000,4.488871e+000
202,8.889826e+000,4.489317e+000,4.489317e+000
203,8.889834e+000,4.489765e+000,4.489765e+000
204,8.889842e+000,4.490216e+000,4.490216e+000
205,8.889849e+000,4.490668e+000,4.490668e+000
206,8.889857e+000,4.491123e+000,4.491123e+000
207,8.889864e+000,4.491580e+000,4.491580e+000
208,8.889872e+000,4.492040e+000,4.492040e+000
209,8.889880e+000,4.492502e+000,4.492502e+000
210,8.889887e+000,4.492966e+000,4.492966e+000
211,8.889895e+000,4.493432e+000,4.493432e+000
212,8.889903e+000,4.493901e+000,4.493901e+000
213,8.889910e+000,4.494371e+000,4.494371e+000
214,8.889918e+000,4.494844e+000,4.494844e+000
215,8.889925e+000,4.495320e+000,4.495320e+000
216,8.889933e+000,4.495798e+000,4.495798e+000
217,8.889941e+000,4.496278e+000,4.496278e+000
218,8.889948e+000,4.496760e+000,4.496760e+000
219,8.889956e+000,4.497244e+000,4.497244e+000
220,8.889963e+000,4.497731e+000,4.497731e+000
221,8.889971e+000,4.498220e+000,4.498220e+000
222,8.889979e+000,4.498712e+000,4.498712e+000
223,8.889986e+000,4.499205e+000,4.499205e+000
224,8.889994e+000,4.499701e+000,4.499701e+000
225,8.890001e+000,4.500199e+000,4.500199e+000
226,8.890009e+000,4.500700e+000,4.500700e+000
227,8.890017e+000,4.501203e+000,4.501203e+000
228,8.890024e+000,4.501708e+000,4.501708e+000
229,8.890032e+000,4.502215e+000,4.502215e+000
230,8.890039e+000,4.502725e+000,4.502725e+000
231,8.890047e+000,4.503237e+000,4.503237e+000
232,8.890054e+000,4.503751e+000,4.503751e+000
233,8.890062e+000,4.504267e+000,4.504267e+000
234,8.890069e+000,4.504786e+000,4.504786e+000
235,8.890077e+000,4.505307e+000,4.505307e+000
236,8.890084e+000,4.505831e+000,4.505831e+000
237,8.890092e+000,4.506356e+000,4.506356e+000
238,8.890099e+000,4.506884e+000,4.506884e+000
239,8.890106e+000,4.507415e+000,4.507415e+000
240,8.890114e+000,4.507947e+000,4.507947e+000
241,8.890121e+000,4.508482e+000,4.508482e+000
242,8.890129e+000,4.509019e+000,4.509019e+000
243,8.890136e+000,4.509559e+000,4.509559e+000
244,8.890143e+000,4.510101e+000,4.510101e+000
245,8.890151e+000,4.510645e+000,4.510645e+000
246,8.890158e+000,4.511191e+000,4.511191e+000
247,8.890165e+000,4.511740e+000,4.511740e+000
248,8.890173e+000,4.512291e+000,4.512291e+000
249,8.890180e+000,4.512844e+000,4.512844e+000
250,8.890187e+000,4.513400e+000,4.513400e+000
251,8.890194e+000,4.513958e+000,4.513958e+000
252,8.890201e+000,4.514518e+000,4.514518e+000
253,8.890209e+000,4.515081e+000,4.515081e+000
254,8.890216e+000,4.515646e+000,4.515646e+000
255,8.890223e+000,4.516213e+000,4.516213e+000
256,8.890230e+000,4.516782e+000,4.516782e+000
257,8.890237e+000,4.517354e+000,4.517354e+000
258,8.890244e+000,4.517928e+000,4.517928e+000
259,8.890251e+000,4.518505e+000,4.518505e+000
260,8.890258e+000,4.519083e+000,4.519083e+000
261,8.890265e+000,4.519664e+000,4.519664e+000
262,8.890272e+000,4.520248e+000,4.520248e+000
263,8.890279e+000,4.520834e+000,4.520834e+000
264,8.890286e+000,4.521422e+000,4.521422e+000
265,8.890293e+000,4.522012e+000,4.522012e+000
266,8.890299e+000,4.522605e+000,4.522605e+000
267,8.890306e+000,4.523200e+000,4.523200e+000
268,8.890313e+000,4.523797e+000,4.523797e+000
269,8.890320e+000,4.524397e+000,4.524397e+000
270,8.890326e+000,4.524999e+000,4.524999e+000
271,8.890333e+000,4.525603e+000,4.525603e+000
272,8.890340e+000,4.526210e+000,4.526210e+000
273,8.890346e+000,4.526819e+000,4.526819e+000
274,8.890353e+000,4.527430e+000,4.527430e+000
275,8.890359e+000,4.528044e+000,4.528044e+000
276,8.890366e+000,4.528660e+000,4.528660e+000
277,8.890372e+000,4.529278e+000,4.529278e+000
278,8.890379e+000,4.529898e+000,4.529898e+000
279,8.890385e+000,4.530521e+000,4.530521e+000
280,8.890391e+000,4.531147e+000,4.531147e+000
281,8.890398e+000,4.531774e+000,4.531774e+000
282,8.890404e+000,4.532404e+000,4.532404e+000
283,8.890410e+000,4.533037e+000,4.533037e+000
284,8.890416e+000,4.533672e+000,4.533672e+000
285,8.890422e+000,4.534309e+000,4.534309e+000
286,8.890428e+000,4.534948e+000,4.534948e+000
287,8.890434e+000,4.535590e+000,4.535590e+000
288,8.890440e+000,4.536234e+000,4.536234e+000
289,8.890446e+000,4.536880e+000,4.536880e+000
290,8.890452e+000,4.537529e+000,4.537529e+000
291,8.890458e+000,4.538180e+000,4.538180e+000
292,8.890464e+000,4.538833e+000,4.538833e+000
293,8.890470e+000,4.539489e+000,4.539489e+000
294,8.890475e+000,4.540147e+000,4.540147e+000
295,8.890481e+000,4.540808e+000,4.540808e+000
296,8.890487e+000,4.541471e+000,4.541471e+000
297,8.890492e+000,4.542136e+000,4.542136e+000
298,8.890498e+000,4.542804e+000,4.542804e+000
299,8.890503e+000,4.543474e+000,4.543474e+000
300,8.890509e+000,4.544146e+000,4.544146e+000
301,8.890514e+000,4.544821e+000,4.544821e+000
302,8.890519e+000,4.545498e+000,4.545498e+000
303,8.890525e+000,4.546177e+000,4.546177e+000
304,8.890530e+000,4.546859e+000,4.546859e+000
305,8.890535e+000,4.547543e+000,4.547543e+000
306,8.890540e+000,4.548229e+000,4.548229e+000
307,8.890545e+000,4.548918e+000,4.548918e+000
308,8.890550e+000,4.549609e+000,4.549609e+000
309,8.890555e+000,4.550303e+000,4.550303e+000
310,8.890560e+000,4.550999e+000,4.550999e+000
311,8.890565e+000,4.551697e+000,4.551697e+000
312,8.890570e+000,4.552398e+000,4.552398e+000
313,8.890574e+000,4.553101e+000,4.553101e+000
314,8.890579e+000,4.553807e+000,4.553807e+000
315,8.890583e+000,4.554514e+000,4.554514e+000
316,8.890588e+000,4.555225e+000,4.555225e+000
317,8.890592e+000,4.555937e+000,4.555937e+000
318,8.890597e+000,4.556652e+000,4.556652e+000
319,8.890601e+000,4.557370e+000,4.557370e+000
320,8.890605e+000,4.558089e+000,4.558089e+000
321,8.890609e+000,4.558811e+000,4.558811e+000
322,8.890614e+000,4.559536e+000,4.559536e+000
323,8.890618e+000,4.560263e+000,4.560263e+000
324,8.890622e+000,4.560992e+000,4.560992e+000
325,8.890625e+000,4.561724e+000,4.561724e+000
326,8.890629e+000,4.562458e+000,4.562458e+000
327,8.890633e+000,4.563194e+000,4.563194e+000
328,8.890637e+000,4.563933e+000,4.563933e+000
329,8.890640e+000,4.564674e+000,4.564674e+000
330,8.890644e+000,4.565418e+000,4.565418e+000
331,8.890647e+000,4.566164e+000,4.566164e+000
332,8.890651e+000,4.566912e+000,4.566912e+000
333,8.890654e+000,4.567663e+000,4.567663e+000
334,8.890657e+000,4.568416e+000,4.568416e+000
335,8.890661e+000,4.569172e+000,4.569172e+000
336,8.890664e+000,4.569930e+000,4.569930e+000
337,8.890667e+000,4.570690e+000,4.570690e+000
338,8.890670e+000,4.571453e+000,4.571453e+000
339,8.890673e+000,4.572218e+000,4.572218e+000
340,8.890675e+000,4.572986e+000,4.572986e+000
341,8.890678e+000,4.573756e+000,4.573756e+000
342,8.890681e+000,4.574528e+000,4.574528e+000
343,8.890683e+000,4.575303e+000,4.575303e+000
344,8.890686e+000,4.576081e+000,4.576081e+000
345,8.890688e+000,4.576860e+000,4.576860e+000
346,8.890690e+000,4.577642e+000,4.577642e+000
347,8.890693e+000,4.578427e+000,4.578427e+000
348,8.890695e+000,4.579214e+000,4.579214e+000
349,8.890697e+000,4.580003e+000,4.580003e+000
350,8.890699e+000,4.580795e+000,4.580795e+000
351,8.890701e+000,4.581589e+000,4.581589e+000
352,8.890703e+000,4.582385e+000,4.582385e+000
353,8.890704e+000,4.583184e+000,4.583184e+000
354,8.890706e+000,4.583986e+000,4.583986e+000
355,8.890707e+000,4.584790e+000,4.584790e+000
356,8.890709e+000,4.585596e+000,4.585596e+000
357,8.890710e+000,4.586405e+000,4.586405e+000
358,8.890711e+000,4.587216e+000,4.587216e+000
359,8.890713e+000,4.588029e+000,4.588029e+000
360,8.890714e+000,4.588845e+000,4.588845e+000
361,8.890715e+000,4.589664e+000,4.589664e+000
362,8.890716e+000,4.590485e+000,4.590485e+000
363,8.890716e+000,4.591308e+000,4.591308e+000
364,8.890717e+000,4.592134e+000,4.592134e+000
365,8.890718e+000,4.592962e+000,4.592962e+000
366,8.890718e+000,4.593792e+000,4.593792e+000
367,8.890718e+000,4.594625e+000,4.594625e+000
368,8.890719e+000,4.595461e+000,4.595461e+000
369,8.890719e+000,4.596299e+000,4.596299e+000
370,8.890719e+000,4.597139e+000,4.597139e+000
371,8.890719e+000,4.597982e+000,4.597982e+000
372,8.890719e+000,4.598827e+000,4.598827e+000
373,8.890719e+000,4.599675e+000,4.599675e+000
374,8.890718e+000,4.600525e+000,4.600525e+000
375,8.890718e+000,4.601377e+000,4.601377e+000
376,8.890718e+000,4.602232e+000,4.602232e+000
377,8.890717e+000,4.603090e+000,4.603090e+000
378,8.890716e+000,4.603950e+000,4.603950e+000
379,8.890715e+000,4.604812e+000,4.604812e+000
380,8.890714e+000,4.605677e+000,4.605677e+000
381,8.890713e+000,4.606544e+000,4.606544e+000
382,8.890712e+000,4.607414e+000,4.607414e+000
383,8.890711e+000,4.608286e+000,4.608286e+000
384,8.890710e+000,4.609161e+000,4.609161e+000
385,8.890708e+000,4.610038e+000,4.610038e+000
386,8.890707e+000,4.610917e+000,4.610917e+000
387,8.890705e+000,4.611799e+000,4.611799e+000
388,8.890703e+000,4.612684e+000,4.612684e+000
389,8.890701e+000,4.613571e+000,4.613571e+000
390,8.890699e+000,4.614460e+000,4.614460e+000
391,8.890697e+000,4.615352e+000,4.615352e+000
392,8.890695e+000,4.616247e+000,4.616247e+000
393,8.890692e+000,4.617143e+000,4.617143e+000
394,8.890690e+000,4.618043e+000,4.618043e+000
395,8.890687e+000,4.618944e+000,4.618944e+000
396,8.890684e+000,4.619849e+000,4.619849e+000
397,8.890682e+000,4.620755e+000,4.620755e+000
398,8.890679e+000,4.621665e+000,4.621665e+000
399,8.890676e+000,4.622576e+000,4.622576e+000
400,8.890672e+000,4.623490e+000,4.623490e+000
401,8.890669e+000,4.624407e+000,4.624407e+000
402,8.890666e+000,4.625326e+000,4.625326e+000
403,8.890662e+000,4.626248e+000,4.626248e+000
404,8.890658e+000,4.627172e+000,4.627172e+000
405,8.890654e+000,4.628098e+000,4.628098e+000
406,8.890650e+000,4.629027e+000,4.629027e+000
407,8.890646e+000,4.629959e+000,4.629959e+000
408,8.890642e+000,4.630893e+000,4.630893e+000
409,8.890638e+000,4.631829e+000,4.631829e+000
410,8.890633e+000,4.632768e+000,4.632768e+000
411,8.890629e+000,4.633710e+000,4.633710e+000
412,8.890624e+000,4.634654e+000,4.634654e+000
413,8.890619e+000,4.635600e+000,4.635600e+000
414,8.890614e+000,4.636549e+000,4.636549e+000
415,8.890609e+000,4.637501e+000,4.637501e+000
416,8.890604e+000,4.638455e+000,4.638455e+000
417,8.890599e+000,4.639411e+000,4.639411e+000
418,8.890593e+000,4.640370e+000,4.640370e+000
419,8.890588e+000,4.641331e+000,4.641331e+000
420,8.890582e+000,4.642295e+000,4.642295e+000
421,8.890576e+000,4.643262e+000,4.643262e+000
422,8.890570e+000,4.644231e+000,4.644231e+000
423,8.890564e+000,4.645202e+000,4.645202e+000
424,8.890557e+000,4.646176e+000,4.646176e+000
425,8.890551e+000,4.647153e+000,4.647153e+000
426,8.890544e+000,4.648132e+000,4.648132e+000
427,8.890538e+000,4.649113e+000,4.649113e+000
428,8.890531e+000,4.650097e+000,4.650097e+000
429,8.890524e+000,4.651084e+000,4.651084e+000
430,8.890517e+000,4.652073e+000,4.652073e+000
431,8.890510e+000,4.653064e+000,4.653064e+000
432,8.890502e+000,4.654058e+000,4.654058e+000
433,8.890495e+000,4.655055e+000,4.655055e+000
434,8.890487e+000,4.656054e+000,4.656054e+000
435,8.890479e+000,4.657055e+000,4.657055e+000
436,8.890471e+000,4.658059e+000,4.658059e+000
437,8.890463e+000,4.659066e+000,4.659066e+000
438,8.890455e+000,4.660075e+000,4.660075e+000
439,8.890446e+000,4.661087e+000,4.661087e+000
440,8.890438e+000,4.662101e+000,4.662101e+000
441,8.890429e+000,4.663118e+000,4.663118e+000
442,8.890420e+000,4.664137e+000,4.664137e+000
443,8.890411e+000,4.665159e+000,4.665159e+000
444,8.890402e+000,4.666183e+000,4.666183e+000
445,8.890393e+000,4.667210e+000,4.667210e+000
446,8.890384e+000,4.668239e+000,4.668239e+000
447,8.890374e+000,4.669271e+000,4.669271e+000
448,8.890364e+000,4.670306e+000,4.670306e+000
449,8.890354e+000,4.671343e+000,4.671343e+000
450,8.890344e+000,4.672382e+000,4.672382e+000
451,8.890334e+000,4.673424e+000,4.673424e+000
452,8.890324e+000,4.674469e+000,4.674469e+000
453,8.890314e+000,4.675516e+000,4.675516e+000
454,8.890303e+000,4.676565e+000,4.676565e+000
455,8.890292e+000,4.677618e+000,4.677618e+000
456,8.890281e+000,4.678672e+000,4.678672e+000
457,8.890270e+000,4.679729e+000,4.679729e+000
458,8.890259e+000,4.680789e+000,4.680789e+000
459,8.890248e+000,4.681852e+000,4.681852e+000
460,8.890236e+000,4.682916e+000,4.682916e+000
461,8.890224e+000,4.683984e+000,4.683984e+000
462,8.890212e+000,4.685054e+000,4.685054e+000
463,8.890200e+000,4.686126e+000,4.686126e+000
464,8.890188e+000,4.687201e+000,4.687201e+000
465,8.890176e+000,4.688279e+000,4.688279e+000
466,8.890164e+000,4.689359e+000,4.689359e+000
467,8.890151e+000,4.690442e+000,4.690442e+000
468,8.890138e+000,4.691527e+000,4.691527e+000
469,8.890125e+000,4.692615e+000,4.692615e+000
470,8.890112e+000,4.693705e+000,4.693705e+000
471,8.890099e+000,4.694798e+000,4.694798e+000
472,8.890085e+000,4.695894e+000,4.695894e+000
473,8.890072e+000,4.696992e+000,4.696992e+000
474,8.890058e+000,4.698092e+000,4.698092e+000
475,8.890044e+000,4.699195e+000,4.699195e+000
476,8.890030e+000,4.700301e+000,4.700301e+000
477,8.890016e+000,4.701409e+000,4.701409e+000
478,8.890002e+000,4.702520e+000,4.702520e+000
479,8.889987e+000,4.703634e+000,4.703634e+000
480,8.889972e+000,4.704749e+000,4.704749e+000
481,8.889957e+000,4.705868e+000,4.705868e+000
482,8.889942e+000,4.706989e+000,4.706989e+000
483,8.889927e+000,4.708113e+000,4.708113e+000
484,8.889912e+000,4.709239e+000,4.709239e+000
485,8.889896e+000,4.710368e+000,4.710368e+000
486,8.889881e+000,4.711499e+000,4.711499e+000
487,8.889865e+000,4.712633e+000,4.712633e+000
488,8.889849e+000,4.713769e+000,4.713769e+000
489,8.889833e+000,4.714908e+000,4.714908e+000
490,8.889816e+000,4.716050e+000,4.716050e+000
491,8.889800e+000,4.717194e+000,4.717194e+000
492,8.889783e+000,4.718341e+000,4.718341e+000
493,8.889766e+000,4.719490e+000,4.719490e+000
494,8.889749e+000,4.720642e+000,4.720642e+000
495,8.889732e+000,4.721796e+000,4.721796e+000
496,8.889715e+000,4.722953e+000,4.722953e+000
497,8.889697e+000,4.724113e+000,4.724113e+000
498,8.889680e+000,4.725275e+000,4.725275e+000
499,8.889662e+000,4.726439e+000,4.726439e+000
500,8.889644e+000,4.727607e+000,4.727607e+000
501,8.889626e+000,4.728777e+000,4.728777e+000
502,8.889607e+000,4.729949e+000,4.729949e+000
503,8.889589e+000,4.731124e+000,4.731124e+000
504,8.889570e+000,4.732302e+000,4.732302e+000
505,8.889551e+000,4.733482e+000,4.733482e+000
506,8.889532e+000,4.734664e+000,4.734664e+000
507,8.889513e+000,4.735850e+000,4.735850e+000
508,8.889494e+000,4.737038e+000,4.737038e+000
509,8.889475e+000,4.738228e+000,4.738228e+000
510,8.889455e+000,4.739421e+000,4.739421e+000
511,8.889435e+000,4.740617e+000,4.740617e+000
512,8.889415e+000,4.741815e+000,4.741815e+000
513,8.889395e+000,4.743016e+000,4.743016e+000
514,8.889375e+000,4.744219e+000,4.744219e+000
515,8.889354e+000,4.745425e+000,4.745425e+000
516,8.889334e+000,4.746633e+000,4.746633e+000
517,8.889313e+000,4.747844e+000,4.747844e+000
518,8.889292e+000,4.749058e+000,4.749058e+000
519,8.889271e+000,4.750274e+000,4.750274e+000
520,8.889249e+000,4.751493e+000,4.751493e+000
521,8.889228e+000,4.752715e+000,4.752715e+000
522,8.889206e+000,4.753939e+000,4.753939e+000
523,8.889184e+000,4.755165e+000,4.755165e+000
524,8.889162e+000,4.756394e+000,4.756394e+000
525,8.889140e+000,4.757626e+000,4.757626e+000
526,8.889118e+000,4.758860e+000,4.758860e+000
527,8.889096e+000,4.760097e+000,4.760097e+000
528,8.889073e+000,4.761337e+000,4.761337e+000
529,8.889050e+000,4.762579e+000,4.762579e+000
530,8.889027e+000,4.763823e+000,4.763823e+000
531,8.889004e+000,4.765071e+000,4.765071e+000
532,8.888981e+000,4.766320e+000,4.766320e+000
533,8.888957e+000,4.767573e+000,4.767573e+000
534,8.888934e+000,4.768828e+000,4.768828e+000
535,8.888910e+000,4.770085e+000,4.770085e+000
536,8.888886e+000,4.771345e+000,4.771345e+000
537,8.888862e+000,4.772608e+000,4.772608e+000
538,8.888838e+000,4.773873e+000,4.773873e+000
539,8.888813e+000,4.775141e+000,4.775141e+000
540,8.888789e+000,4.776412e+000,4.776412e+000
541,8.888764e+000,4.777685e+000,4.777685e+000
542,8.888739e+000,4.778960e+000,4.778960e+000
543,8.888714e+000,4.780238e+000,4.780238e+000
544,8.888689e+000,4.781519e+000,4.781519e+000
545,8.888664e+000,4.782802e+000,4.782802e+000
546,8.888638e+000,4.784088e+000,4.784088e+000
547,8.888613e+000,4.785377e+000,4.785377e+000
548,8.888587e+000,4.786668e+000,4.786668e+000
549,8.888561e+000,4.787961e+000,4.787961e+000
550,8.888535e+000,4.789258e+000,4.789258e+000
551,8.888508e+000,4.790556e+000,4.790556e+000
552,8.888482e+000,4.791858e+000,4.791858e+000
553,8.888455e+000,4.793162e+000,4.793162e+000
554,8.888429e+000,4.794468e+000,4.794468e+000
555,8.888402e+000,4.795777e+000,4.795777e+000
556,8.888375e+000,4.797089e+000,4.797089e+000
557,8.888348e+000,4.798403e+000,4.798403e+000
558,8.888320e+000,4.799720e+000,4.799720e+000
559,8.888293e+000,4.801039e+000,4.801039e+000
560,8.888265e+000,4.802361e+000,4.802361e+000
561,8.888238e+000,4.803686e+000,4.803686e+000
562,8.888210e+000,4.805013e+000,4.805013e+000
563,8.888182e+000,4.806342e+000,4.806342e+000
564,8.888154e+000,4.807675e+000,4.807675e+000
565,8.888125e+000,4.809009e+000,4.809009e+000
566,8.888097e+000,4.810347e+000,4.810347e+000
567,8.888068e+000,4.811687e+000,4.811687e+000
568,8.888039e+000,4.813029e+000,4.813029e+000
569,8.888011e+000,4.814374e+000,4.814374e+000
570,8.887982e+000,4.815722e+000,4.815722e+000
571,8.887952e+000,4.817072e+000,4.817072e+000
572,8.887923e+000,4.818424e+000,4.818424e+000
573,8.887894e+000,4.819780e+000,4.819780e+000
574,8.887864e+000,4.821137e+000,4.821137e+000
575,8.887835e+000,4.822498e+000,4.822498e+000
576,8.887805e+000,4.823861e+000,4.823861e+000
577,8.887775e+000,4.825226e+000,4.825226e+000
578,8.887745e+000,4.826594e+000,4.826594e+000
579,8.887715e+000,4.827965e+000,4.827965e+000
580,8.887684e+000,4.829338e+000,4.829338e+000
581,8.887654e+000,4.830713e+000,4.830713e+000
582,8.887623e+000,4.832091e+000,4.832091e+000
583,8.887593e+000,4.833472e+000,4.833472e+000
584,8.887562e+000,4.834855e+000,4.834855e+000
585,8.887531e+000,4.836241e+000,4.836241e+000
586,8.887500e+000,4.837629e+000,4.837629e+000
587,8.887469e+000,4.839020e+000,4.839020e+000
588,8.887438e+000,4.840414e+000,4.840414e+000
589,8.887406e+000,4.841810e+000,4.841810e+000
590,8.887375e+000,4.843208e+000,4.843208e+000
591,8.887344e+000,4.844609e+000,4.844609e+000
592,8.887312e+000,4.846012e+000,4.846012e+000
593,8.887280e+000,4.847418e+000,4.847418e+000
594,8.887248e+000,4.848827e+000,4.848827e+000
595,8.887216e+000,4.850238e+000,4.850238e+000
596,8.887184e+000,4.851651e+000,4.851651e+000
597,8.887152e+000,4.853068e+000,4.853068e+000
598,8.887120e+000,4.854486e+000,4.854486e+000
599,8.887088e+000,4.855907e+000,4.855907e+000
600,8.887055e+000,4.857331e+000,4.857331e+000
601,8.887023e+000,4.858757e+000,4.858757e+000
602,8.886990e+000,4.860185e+000,4.860185e+000
603,8.886958e+000,4.861617e+000,4.861617e+000
604,8.886925e+000,4.863050e+000,4.863050e+000
605,8.886892e+000,4.864486e+000,4.864486e+000
606,8.886859e+000,4.865925e+000,4.865925e+000
607,8.886826e+000,4.867366e+000,4.867366e+000
608,8.886793e+000,4.868809e+000,4.868809e+000
609,8.886760e+000,4.870255e+000,4.870255e+000
610,8.886727e+000,4.871704e+000,4.871704e+000
611,8.886694e+000,4.873155e+000,4.873155e+000
612,8.886661e+000,4.874608e+000,4.874608e+000
613,8.886627e+000,4.876064e+000,4.876064e+000
614,8.886594e+000,4.877522e+000,4.877522e+000
615,8.886560e+000,4.878983e+000,4.878983e+000
616,8.886527e+000,4.880447e+000,4.880447e+000
617,8.886493e+000,4.881912e+000,4.881912e+000
618,8.886460e+000,4.883380e+000,4.883380e+000
619,8.886426e+000,4.884851e+000,4.884851e+000
620,8.886392e+000,4.886324e+000,4.886324e+000
621,8.886359e+000,4.887800e+000,4.887800e+000
622,8.886325e+000,4.889278e+000,4.889278e+000
623,8.886291e+000,4.890758e+000,4.890758e+000
624,8.886258e+000,4.892241e+000,4.892241e+000
625,8.886224e+000,4.893726e+000,4.893726e+000
626,8.886190e+000,4.895214e+000,4.895214e+000
627,8.886156e+000,4.896704e+000,4.896704e+000
628,8.886122e+000,4.898196e+000,4.898196e+000
629,8.886088e+000,4.899691e+000,4.899691e+000
630,8.886055e+000,4.901188e+000,4.901188e+000
631,8.886021e+000,4.902688e+000,4.902688e+000
632,8.885987e+000,4.904190e+000,4.904190e+000
633,8.885953e+000,4.905695e+000,4.905695e+000
634,8.885919e+000,4.907202e+000,4.907202e+000
635,8.885885e+000,4.908711e+000,4.908711e+000
636,8.885851e+000,4.910223e+000,4.910223e+000
637,8.885818e+000,4.911737e+000,4.911737e+000
638,8.885784e+000,4.913253e+000,4.913253e+000
639,8.885750e+000,4.914772e+000,4.914772e+000
640,8.885716e+000,4.916293e+000,4.916293e+000
641,8.885683e+000,4.917816e+000,4.917816e+000
642,8.885649e+000,4.919342e+000,4.919342e+000
643,8.885615e+000,4.920870e+000,4.920870e+000
644,8.885582e+000,4.922400e+000,4.922400e+000
645,8.885548e+000,4.923933e+000,4.923933e+000
646,8.885515e+000,4.925468e+000,4.925468e+000
647,8.885481e+000,4.927006e+000,4.927006e+000
648,8.885448e+000,4.928546e+000,4.928546e+000
649,8.885415e+000,4.930088e+000,4.930088e+000
650,8.885381e+000,4.931632e+000,4.931632e+000
651,8.885348e+000,4.933179e+000,4.933179e+000
652,8.885315e+000,4.934728e+000,4.934728e+000
653,8.885282e+000,4.936279e+000,4.936279e+000
654,8.885249e+000,4.937832e+000,4.937832e+000
655,8.885217e+000,4.939388e+000,4.939388e+000
656,8.885184e+000,4.940946e+000,4.940946e+000
657,8.885151e+000,4.942506e+000,4.942506e+000
658,8.885119e+000,4.944069e+000,4.944069e+000
659,8.885086e+000,4.945634e+000,4.945634e+000
660,8.885054e+000,4.947201e+000,4.947201e+000
661,8.885022e+000,4.948770e+000,4.948770e+000
662,8.884990e+000,4.950341e+000,4.950341e+000
663,8.884958e+000,4.951915e+000,4.951915e+000
664,8.884927e+000,4.953491e+000,4.953491e+000
665,8.884895e+000,4.955069e+000,4.955069e+000
666,8.884864e+000,4.956649e+000,4.956649e+000
667,8.884832e+000,4.958232e+000,4.958232e+000
668,8.884801e+000,4.959817e+000,4.959817e+000
669,8.884770e+000,4.961403e+000,4.961403e+000
670,8.884740e+000,4.962992e+000,4.962992e+000
671,8.884709e+000,4.964584e+000,4.964584e+000
672,8.884679e+000,4.966177e+000,4.966177e+000
673,8.884648e+000,4.967772e+000,4.967772e+000
674,8.884618e+000,4.969370e+000,4.969370e+000
675,8.884589e+000,4.970970e+000,4.970970e+000
676,8.884559e+000,4.972571e+000,4.972571e+000
677,8.884530e+000,4.974175e+000,4.974175e+000
678,8.884501e+000,4.975781e+000,4.975781e+000
679,8.884472e+000,4.977389e+000,4.977389e+000
680,8.884443e+000,4.979000e+000,4.979000e+000
681,8.884415e+000,4.980612e+000,4.980612e+000
682,8.884387e+000,4.982226e+000,4.982226e+000
683,8.884359e+000,4.983842e+000,4.983842e+000
684,8.884331e+000,4.985461e+000,4.985461e+000
685,8.884304e+000,4.987081e+000,4.987081e+000
686,8.884277e+000,4.988704e+000,4.988704e+000
687,8.884250e+000,4.990328e+000,4.990328e+000
688,8.884223e+000,4.991955e+000,4.991955e+000
689,8.884197e+000,4.993583e+000,4.993583e+000
690,8.884171e+000,4.995214e+000,4.995214e+000
691,8.884146e+000,4.996846e+000,4.996846e+000
692,8.884120e+000,4.998480e+000,4.998480e+000
693,8.884096e+000,5.000117e+000,5.000117e+000
694,8.884071e+000,5.001755e+000,5.001755e+000
695,8.884047e+000,5.003395e+000,5.003395e+000
696,8.884023e+000,5.005037e+000,5.005037e+000
697,8.883999e+000,5.006681e+000,5.006681e+000
698,8.883976e+000,5.008327e+000,5.008327e+000
699,8.883953e+000,5.009975e+000,5.009975e+000
700,8.883931e+000,5.011625e+000,5.011625e+000
701,8.883909e+000,5.013276e+000,5.013276e+000
702,8.883888e+000,5.014929e+000,5.014929e+000
703,8.883866e+000,5.016585e+000,5.016585e+000
704,8.883846e+000,5.018242e+000,5.018242e+000
705,8.883825e+000,5.019901e+000,5.019901e+000
706,8.883806e+000,5.021561e+000,5.021561e+000
707,8.883786e+000,5.023224e+000,5.023224e+000
708,8.883767e+000,5.024888e+000,5.024888e+000
709,8.883749e+000,5.026554e+000,5.026554e+000
710,8.883731e+000,5.028222e+000,5.028222e+000
711,8.883713e+000,5.029891e+000,5.029891e+000
712,8.883696e+000,5.031562e+000,5.031562e+000
713,8.883680e+000,5.033235e+000,5.033235e+000
714,8.883664e+000,5.034910e+000,5.034910e+000
715,8.883648e+000,5.036586e+000,5.036586e+000
716,8.883633e+000,5.038264e+000,5.038264e+000
717,8.883619e+000,5.039943e+000,5.039943e+000
718,8.883605e+000,5.041625e+000,5.041625e+000
719,8.883592e+000,5.043307e+000,5.043307e+000
720,8.883579e+000,5.044992e+000,5.044992e+000
721,8.883567e+000,5.046678e+000,5.046678e+000
722,8.883556e+000,5.048365e+000,5.048365e+000
723,8.883545e+000,5.050055e+000,5.050055e+000
724,8.883535e+000,5.051745e+000,5.051745e+000
725,8.883525e+000,5.053438e+000,5.053438e+000
726,8.883516e+000,5.055131e+000,5.055131e+000
727,8.883508e+000,5.056827e+000,5.056827e+000
728,8.883500e+000,5.058523e+000,5.058523e+000
729,8.883494e+000,5.060222e+000,5.060222e+000
730,8.883487e+000,5.061921e+000,5.061921e+000
731,8.883482e+000,5.063623e+000,5.063623e+000
732,8.883477e+000,5.065325e+000,5.065325e+000
733,8.883473e+000,5.067029e+000,5.067029e+000
734,8.883469e+000,5.068734e+000,5.068734e+000
735,8.883467e+000,5.070441e+000,5.070441e+000
736,8.883465e+000,5.072149e+000,5.072149e+000
737,8.883464e+000,5.073859e+000,5.073859e+000
738,8.883464e+000,5.075569e+000,5.075569e+000
739,8.883464e+000,5.077281e+000,5.077281e+000
740,8.883466e+000,5.078994e+000,5.078994e+000
741,8.883468e+000,5.080709e+000,5.080709e+000
742,8.883471e+000,5.082425e+000,5.082425e+000
743,8.883475e+000,5.084142e+000,5.084142e+000
744,8.883480e+000,5.085860e+000,5.085860e+000
745,8.883485e+000,5.087579e+000,5.087579e+000
746,8.883492e+000,5.089300e+000,5.089300e+000
747,8.883499e+000,5.091022e+000,5.091022e+000
748,8.883508e+000,5.092745e+000,5.092745e+000
749,8.883517e+000,5.094468e+000,5.094468e+000
750,8.883527e+000,5.096193e+000,5.096193e+000
751,8.883539e+000,5.097920e+000,5.097920e+000
752,8.883551e+000,5.099647e+000,5.099647e+000
753,8.883564e+000,5.101375e+000,5.101375e+000
754,8.883578e+000,5.103104e+000,5.103104e+000
755,8.883594e+000,5.104834e+000,5.104834e+000
756,8.883610e+000,5.106565e+000,5.106565e+000
757,8.883627e+000,5.108297e+000,5.108297e+000
758,8.883646e+000,5.110030e+000,5.110030e+000
759,8.883665e+000,5.111764e+000,5.111764e+000
760,8.883686e+000,5.113499e+000,5.113499e+000
761,8.883708e+000,5.115235e+000,5.115235e+000
762,8.883731e+000,5.116971e+000,5.116971e+000
763,8.883755e+000,5.118708e+000,5.118708e+000
764,8.883780e+000,5.120446e+000,5.120446e+000
765,8.883807e+000,5.122185e+000,5.122185e+000
766,8.883835e+000,5.123925e+000,5.123925e+000
767,8.883864e+000,5.125665e+000,5.125665e+000
768,8.883894e+000,5.127406e+000,5.127406e+000
769,8.883925e+000,5.129147e+000,5.129147e+000
770,8.883958e+000,5.130889e+000,5.130889e+000
771,8.883992e+000,5.132632e+000,5.132632e+000
772,8.884027e+000,5.134376e+000,5.134376e+000
773,8.884064e+000,5.136120e+000,5.136120e+000
774,8.884102e+000,5.137864e+000,5.137864e+000
775,8.884141e+000,5.139609e+000,5.139609e+000
776,8.884182e+000,5.141355e+000,5.141355e+000
777,8.884224e+000,5.143101e+000,5.143101e+000
778,8.884268e+000,5.144847e+000,5.144847e+000
779,8.884313e+000,5.146594e+000,5.146594e+000
780,8.884359e+000,5.148341e+000,5.148341e+000
781,8.884407e+000,5.150089e+000,5.150089e+000
782,8.884457e+000,5.151837e+000,5.151837e+000
783,8.884508e+000,5.153585e+000,5.153585e+000
784,8.884560e+000,5.155334e+000,5.155334e+000
785,8.884614e+000,5.157083e+000,5.157083e+000
786,8.884670e+000,5.158832e+000,5.158832e+000
787,8.884727e+000,5.160581e+000,5.160581e+000
788,8.884786e+000,5.162330e+000,5.162330e+000
789,8.884847e+000,5.164080e+000,5.164080e+000
790,8.884909e+000,5.165829e+000,5.165829e+000
791,8.884973e+000,5.167579e+000,5.167579e+000
792,8.885039e+000,5.169329e+000,5.169329e+000
793,8.885106e+000,5.171079e+000,5.171079e+000
794,8.885175e+000,5.172828e+000,5.172828e+000
795,8.885246e+000,5.174578e+000,5.174578e+000
796,8.885319e+000,5.176328e+000,5.176328e+000
797,8.885393e+000,5.178077e+000,5.178077e+000
798,8.885470e+000,5.179827e+000,5.179827e+000
799,8.885548e+000,5.181576e+000,5.181576e+000
800,8.885628e+000,5.183325e+000,5.183325e+000
801,8.885710e+000,5.185074e+000,5.185074e+000
802,8.885794e+000,5.186823e+000,5.186823e+000
803,8.885880e+000,5.188571e+000,5.188571e+000
804,8.885968e+000,5.190319e+000,5.190319e+000
805,8.886057e+000,5.192067e+000,5.192067e+000
806,8.886149e+000,5.193814e+000,5.193814e+000
807,8.886243e+000,5.195561e+000,5.195561e+000
808,8.886339e+000,5.197307e+000,5.197307e+000
809,8.886437e+000,5.199053e+000,5.199053e+000
810,8.886537e+000,5.200799e+000,5.200799e+000
811,8.886640e+000,5.202544e+000,5.202544e+000
812,8.886744e+000,5.204288e+000,5.204288e+000
813,8.886851e+000,5.206032e+000,5.206032e+000
814,8.886960e+000,5.207775e+000,5.207775e+000
815,8.887071e+000,5.209518e+000,5.209518e+000
816,8.887185e+000,5.211259e+000,5.211259e+000
817,8.887301e+000,5.213000e+000,5.213000e+000
818,8.887419e+000,5.214740e+000,5.214740e+000
819,8.887539e+000,5.216480e+000,5.216480e+000
820,8.887662e+000,5.218218e+000,5.218218e+000
821,8.887787e+000,5.219956e+000,5.219956e+000
822,8.887915e+000,5.221693e+000,5.221693e+000
823,8.888045e+000,5.223429e+000,5.223429e+000
824,8.888178e+000,5.225164e+000,5.225164e+000
825,8.888313e+000,5.226897e+000,5.226897e+000
826,8.888450e+000,5.228630e+000,5.228630e+000
827,8.888591e+000,5.230362e+000,5.230362e+000
828,8.888733e+000,5.232092e+000,5.232092e+000
829,8.888879e+000,5.233822e+000,5.233822e+000
830,8.889027e+000,5.235550e+000,5.235550e+000
831,8.889178e+000,5.237277e+000,5.237277e+000
832,8.889331e+000,5.239002e+000,5.239002e+000
833,8.889487e+000,5.240727e+000,5.240727e+000
834,8.889646e+000,5.242450e+000,5.242450e+000
835,8.889808e+000,5.244171e+000,5.244171e+000
836,8.889973e+000,5.245891e+000,5.245891e+000
837,8.890140e+000,5.247610e+000,5.247610e+000
838,8.890310e+000,5.249327e+000,5.249327e+000
839,8.890483e+000,5.251043e+000,5.251043e+000
840,8.890660e+000,5.252757e+000,5.252757e+000
841,8.890839e+000,5.254469e+000,5.254469e+000
842,8.891021e+000,5.256180e+000,5.256180e+000
843,8.891206e+000,5.257889e+000,5.257889e+000
844,8.891394e+000,5.259597e+000,5.259597e+000
845,8.891586e+000,5.261302e+000,5.261302e+000
846,8.891780e+000,5.263006e+000,5.263006e+000
847,8.891978e+000,5.264708e+000,5.264708e+000
848,8.892178e+000,5.266408e+000,5.266408e+000
849,8.892382e+000,5.268106e+000,5.268106e+000
850,8.892589e+000,5.269802e+000,5.269802e+000
851,8.892800e+000,5.271496e+000,5.271496e+000
852,8.893014e+000,5.273188e+000,5.273188e+000
853,8.893231e+000,5.274879e+000,5.274879e+000
854,8.893451e+000,5.276566e+000,5.276566e+000
855,8.893675e+000,5.278252e+000,5.278252e+000
856,8.893903e+000,5.279936e+000,5.279936e+000
857,8.894133e+000,5.281617e+000,5.281617e+000
858,8.894368e+000,5.283296e+000,5.283296e+000
859,8.894606e+000,5.284973e+000,5.284973e+000
860,8.894847e+000,5.286647e+000,5.286647e+000
861,8.895092e+000,5.288319e+000,5.288319e+000
862,8.895341e+000,5.289989e+000,5.289989e+000
863,8.895593e+000,5.291656e+000,5.291656e+000
864,8.895849e+000,5.293320e+000,5.293320e+000
865,8.896109e+000,5.294982e+000,5.294982e+000
866,8.896372e+000,5.296641e+000,5.296641e+000
867,8.896639e+000,5.298298e+000,5.298298e+000
868,8.896910e+000,5.299952e+000,5.299952e+000
869,8.897185e+000,5.301604e+000,5.301604e+000
870,8.897464e+000,5.303252e+000,5.303252e+000
871,8.897747e+000,5.304898e+000,5.304898e+000
872,8.898034e+000,5.306541e+000,5.306541e+000
873,8.898325e+000,5.308181e+000,5.308181e+000
874,8.898619e+000,5.309818e+000,5.309818e+000
875,8.898918e+000,5.311452e+000,5.311452e+000
876,8.899221e+000,5.313083e+000,5.313083e+000
877,8.899528e+000,5.314712e+000,5.314712e+000
878,8.899839e+000,5.316337e+000,5.316337e+000
879,8.900155e+000,5.317959e+000,5.317959e+000
880,8.900475e+000,5.319577e+000,5.319577e+000
881,8.900799e+000,5.321193e+000,5.321193e+000
882,8.901127e+000,5.322805e+000,5.322805e+000
883,8.901459e+000,5.324415e+000,5.324415e+000
884,8.901796e+000,5.326020e+000,5.326020e+000
885,8.902138e+000,5.327623e+000,5.327623e+000
886,8.902484e+000,5.329222e+000,5.329222e+000
887,8.902834e+000,5.330818e+000,5.330818e+000
888,8.903189e+000,5.332410e+000,5.332410e+000
889,8.903548e+000,5.333999e+000,5.333999e+000
890,8.903912e+000,5.335584e+000,5.335584e+000
891,8.904281e+000,5.337165e+000,5.337165e+000
892,8.904654e+000,5.338743e+000,5.338743e+000
893,8.905032e+000,5.340318e+000,5.340318e+000
894,8.905414e+000,5.341888e+000,5.341888e+000
895,8.905802e+000,5.343455e+000,5.343455e+000
896,8.906194e+000,5.345018e+000,5.345018e+000
897,8.906591e+000,5.346578e+000,5.346578e+000
898,8.906993e+000,5.348133e+000,5.348133e+000
899,8.907400e+000,5.349685e+000,5.349685e+000
900,8.907811e+000,5.351233e+000,5.351233e+000
901,8.908228e+000,5.352776e+000,5.352776e+000
902,8.908650e+000,5.354316e+000,5.354316e+000
903,8.909076e+000,5.355852e+000,5.355852e+000
904,8.909508e+000,5.357384e+000,5.357384e+000
905,8.909945e+000,5.358911e+000,5.358911e+000
906,8.910387e+000,5.360435e+000,5.360435e+000
907,8.910834e+000,5.361954e+000,5.361954e+000
908,8.911287e+000,5.363470e+000,5.363470e+000
909,8.911744e+000,5.364981e+000,5.364981e+000
910,8.912207e+000,5.366487e+000,5.366487e+000
911,8.912675e+000,5.367990e+000,5.367990e+000
912,8.913149e+000,5.369488e+000,5.369488e+000
913,8.913628e+000,5.370982e+000,5.370982e+000
914,8.914112e+000,5.372471e+000,5.372471e+000
915,8.914602e+000,5.373956e+000,5.373956e+000
916,8.915097e+000,5.375437e+000,5.375437e+000
917,8.915598e+000,5.376913e+000,5.376913e+000
918,8.916104e+000,5.378385e+000,5.378385e+000
919,8.916616e+000,5.379852e+000,5.379852e+000
920,8.917134e+000,5.381314e+000,5.381314e+000
921,8.917657e+000,5.382772e+000,5.382772e+000
922,8.918186e+000,5.384225e+000,5.384225e+000
923,8.918720e+000,5.385674e+000,5.385674e+000
924,8.919261e+000,5.387118e+000,5.387118e+000
925,8.919807e+000,5.388557e+000,5.388557e+000
926,8.920359e+000,5.389992e+000,5.389992e+000
927,8.920916e+000,5.391422e+000,5.391422e+000
928,8.921480e+000,5.392847e+000,5.392847e+000
929,8.922049e+000,5.394267e+000,5.394267e+000
930,8.922625e+000,5.395682e+000,5.395682e+000
931,8.923206e+000,5.397093e+000,5.397093e+000
932,8.923794e+000,5.398499e+000,5.398499e+000
933,8.924387e+000,5.399899e+000,5.399899e+000
934,8.924987e+000,5.401295e+000,5.401295e+000
935,8.925592e+000,5.402686e+000,5.402686e+000
936,8.926204e+000,5.404072e+000,5.404072e+000
937,8.926822e+000,5.405453e+000,5.405453e+000
938,8.927446e+000,5.406829e+000,5.406829e+000
939,8.928076e+000,5.408200e+000,5.408200e+000
940,8.928712e+000,5.409566e+000,5.409566e+000
941,8.929355e+000,5.410927e+000,5.410927e+000
942,8.930004e+000,5.412282e+000,5.412282e+000
943,8.930659e+000,5.413633e+000,5.413633e+000
944,8.931321e+000,5.414978e+000,5.414978e+000
945,8.931989e+000,5.416319e+000,5.416319e+000
946,8.932663e+000,5.417654e+000,5.417654e+000
947,8.933344e+000,5.418984e+000,5.418984e+000
948,8.934032e+000,5.420309e+000,5.420309e+000
949,8.934725e+000,5.421628e+000,5.421628e+000
950,8.935426e+000,5.422942e+000,5.422942e+000
951,8.936133e+000,5.424252e+000,5.424252e+000
952,8.936846e+000,5.425556e+000,5.425556e+000
953,8.937566e+000,5.426854e+000,5.426854e+000
954,8.938293e+000,5.428148e+000,5.428148e+000
955,8.939026e+000,5.429436e+000,5.429436e+000
956,8.939766e+000,5.430718e+000,5.430718e+000
957,8.940512e+000,5.431996e+000,5.431996e+000
958,8.941266e+000,5.433268e+000,5.433268e+000
959,8.942026e+000,5.434535e+000,5.434535e+000
960,8.942792e+000,5.435797e+000,5.435797e+000
961,8.943566e+000,5.437053e+000,5.437053e+000
962,8.944346e+000,5.438304e+000,5.438304e+000
963,8.945133e+000,5.439549e+000,5.439549e+000
964,8.945927e+000,5.440789e+000,5.440789e+000
965,8.946728e+000,5.442024e+000,5.442024e+000
966,8.947536e+000,5.443254e+000,5.443254e+000
967,8.948351e+000,5.444478e+000,5.444478e+000
968,8.949172e+000,5.445696e+000,5.445696e+000
969,8.950001e+000,5.446910e+000,5.446910e+000
970,8.950836e+000,5.448118e+000,5.448118e+000
971,8.951678e+000,5.449320e+000,5.449320e+000
972,8.952528e+000,5.450518e+000,5.450518e+000
973,8.953384e+000,5.451710e+000,5.451710e+000
974,8.954248e+000,5.452896e+000,5.452896e+000
975,8.955118e+000,5.454077e+000,5.454077e+000
976,8.955996e+000,5.455253e+000,5.455253e+000
977,8.956880e+000,5.456423e+000,5.456423e+000
978,8.957772e+000,5.457588e+000,5.457588e+000
979,8.958671e+000,5.458748e+000,5.458748e+000
980,8.959577e+000,5.459902e+000,5.459902e+000
981,8.960490e+000,5.461051e+000,5.461051e+000
982,8.961410e+000,5.462195e+000,5.462195e+000
983,8.962337e+000,5.463333e+000,5.463333e+000
984,8.963272e+000,5.464466e+000,5.464466e+000
985,8.964213e+000,5.465594e+000,5.465594e+000
986,8.965162e+000,5.466716e+000,5.466716e+000
987,8.966118e+000,5.467834e+000,5.467834e+000
988,8.967082e+000,5.468945e+000,5.468945e+000
989,8.968052e+000,5.470052e+000,5.470052e+000
990,8.969030e+000,5.471153e+000,5.471153e+000
991,8.970015e+000,5.472249e+000,5.472249e+000
992,8.971007e+000,5.473340e+000,5.473340e+000
993,8.972007e+000,5.474425e+000,5.474425e+000
994,8.973013e+000,5.475506e+000,5.475506e+000
995,8.974027e+000,5.476581e+000,5.476581e+000
996,8.975049e+000,5.477651e+000,5.477651e+000
997,8.976077e+000,5.478715e+000,5.478715e+000
998,8.977113e+000,5.479775e+000,5.479775e+000
999,8.978156e+000,5.480829e+000,5.480829e+000
1000,8.979207e+000,5.481879e+000,5.481879e+000
1001,8.980264e+000,5.482923e+000,5.482923e+000
1002,8.981329e+000,5.483962e+000,5.483962e+000
1003,8.982402e+000,5.484996e+000,5.484996e+000
1004,8.983482e+000,5.486025e+000,5.486025e+000
1005,8.984568e+000,5.487049e+000,5.487049e+000
1006,8.985663e+000,5.488068e+000,5.488068e+000
1007,8.986764e+000,5.489082e+000,5.489082e+000
1008,8.987873e+000,5.490091e+000,5.490091e+000
1009,8.988990e+000,5.491095e+000,5.491095e+000
1010,8.990113e+000,5.492094e+000,5.492094e+000
1011,8.991244e+000,5.493088e+000,5.493088e+000
1012,8.992382e+000,5.494078e+000,5.494078e+000
1013,8.993527e+000,5.495062e+000,5.495062e+000
1014,8.994680e+000,5.496042e+000,5.496042e+000
1015,8.995840e+000,5.497017e+000,5.497017e+000
1016,8.997008e+000,5.497987e+000,5.497987e+000
1017,8.998182e+000,5.498953e+000,5.498953e+000
1018,8.999364e+000,5.499913e+000,5.499913e+000
1019,9.000553e+000,5.500869e+000,5.500869e+000
1020,9.001750e+000,5.501821e+000,5.501821e+000
1021,9.002954e+000,5.502767e+000,5.502767e+000
1022,9.004165e+000,5.503709e+000,5.503709e+000
1023,9.005383e+000,5.504647e+000,5.504647e+000
1024,9.006608e+000,5.505580e+000,5.505580e+000
1025,9.007841e+000,5.506508e+000,5.506508e+000
1026,9.009081e+000,5.507432e+000,5.507432e+000
1027,9.010328e+000,5.508352e+000,5.508352e+000
1028,9.011582e+000,5.509267e+000,5.509267e+000
1029,9.012844e+000,5.510178e+000,5.510178e+000
1030,9.014113e+000,5.511084e+000,5.511084e+000
1031,9.015389e+000,5.511986e+000,5.511986e+000
1032,9.016672e+000,5.512883e+000,5.512883e+000
1033,9.017962e+000,5.513777e+000,5.513777e+000
1034,9.019259e+000,5.514666e+000,5.514666e+000
1035,9.020564e+000,5.515551e+000,5.515551e+000
1036,9.021875e+000,5.516432e+000,5.516432e+000
1037,9.023194e+000,5.517309e+000,5.517309e+000
1038,9.024520e+000,5.518181e+000,5.518181e+000
1039,9.025853e+000,5.519050e+000,5.519050e+000
1040,9.027193e+000,5.519914e+000,5.519914e+000
1041,9.028540e+000,5.520775e+000,5.520775e+000
1042,9.029894e+000,5.521631e+000,5.521631e+000
1043,9.031255e+000,5.522484e+000,5.522484e+000
1044,9.032622e+000,5.523333e+000,5.523333e+000
1045,9.033997e+000,5.524178e+000,5.524178e+000
1046,9.035379e+000,5.525019e+000,5.525019e+000
1047,9.036768e+000,5.525856e+000,5.525856e+000
1048,9.038164e+000,5.526690e+000,5.526690e+000
1049,9.039566e+000,5.527520e+000,5.527520e+000
1050,9.040976e+000,5.528346e+000,5.528346e+000
1051,9.042392e+000,5.529169e+000,5.529169e+000
1052,9.043815e+000,5.529988e+000,5.529988e+000
1053,9.045245e+000,5.530803e+000,5.530803e+000
1054,9.046682e+000,5.531616e+000,5.531616e+000
1055,9.048125e+000,5.532424e+000,5.532424e+000
1056,9.049576e+000,5.533229e+000,5.533229e+000
1057,9.051033e+000,5.534031e+000,5.534031e+000
1058,9.052496e+000,5.534829e+000,5.534829e+000
1059,9.053967e+000,5.535625e+000,5.535625e+000
1060,9.055443e+000,5.536416e+000,5.536416e+000
1061,9.056927e+000,5.537205e+000,5.537205e+000
1062,9.058417e+000,5.537991e+000,5.537991e+000
1063,9.059914e+000,5.538773e+000,5.538773e+000
1064,9.061417e+000,5.539552e+000,5.539552e+000
1065,9.062927e+000,5.540328e+000,5.540328e+000
1066,9.064444e+000,5.541101e+000,5.541101e+000
1067,9.065967e+000,5.541872e+000,5.541872e+000
1068,9.067496e+000,5.542639e+000,5.542639e+000
1069,9.069032e+000,5.543403e+000,5.543403e+000
1070,9.070574e+000,5.544165e+000,5.544165e+000
1071,9.072122e+000,5.544923e+000,5.544923e+000
1072,9.073677e+000,5.545679e+000,5.545679e+000
1073,9.075238e+000,5.546432e+000,5.546432e+000
1074,9.076806e+000,5.547183e+000,5.547183e+000
1075,9.078380e+000,5.547930e+000,5.547930e+000
1076,9.079959e+000,5.548675e+000,5.548675e+000
1077,9.081546e+000,5.549418e+000,5.549418e+000
1078,9.083138e+000,5.550158e+000,5.550158e+000
1079,9.084736e+000,5.550896e+000,5.550896e+000
1080,9.086341e+000,5.551631e+000,5.551631e+000
1081,9.087952e+000,5.552364e+000,5.552364e+000
1082,9.089568e+000,5.553094e+000,5.553094e+000
1083,9.091191e+000,5.553822e+000,5.553822e+000
1084,9.092820e+000,5.554548e+000,5.554548e+000
1085,9.094455e+000,5.555271e+000,5.555271e+000
1086,9.096095e+000,5.555992e+000,5.555992e+000
1087,9.097742e+000,5.556712e+000,5.556712e+000
1088,9.099394e+000,5.557429e+000,5.557429e+000
1089,9.101053e+000,5.558144e+000,5.558144e+000
1090,9.102717e+000,5.558856e+000,5.558856e+000
1091,9.104387e+000,5.559567e+000,5.559567e+000
1092,9.106062e+000,5.560276e+000,5.560276e+000
1093,9.107743e+000,5.560983e+000,5.560983e+000
1094,9.109430e+000,5.561689e+000,5.561689e+000
1095,9.111123e+000,5.562392e+000,5.562392e+000
1096,9.112821e+000,5.563094e+000,5.563094e+000
1097,9.114525e+000,5.563793e+000,5.563793e+000
1098,9.116235e+000,5.564491e+000,5.564491e+000
1099,9.117950e+000,5.565188e+000,5.565188e+000
1100,9.119670e+000,5.565883e+000,5.565883e+000
1101,9.121396e+000,5.566576e+000,5.566576e+000
1102,9.123127e+000,5.567268e+000,5.567268e+000
1103,9.124864e+000,5.567958e+000,5.567958e+000
1104,9.126606e+000,5.568646e+000,5.568646e+000
1105,9.128353e+000,5.569334e+000,5.569334e+000
1106,9.130106e+000,5.570020e+000,5.570020e+000
1107,9.131864e+000,5.570704e+000,5.570704e+000
1108,9.133627e+000,5.571387e+000,5.571387e+000
1109,9.135395e+000,5.572069e+000,5.572069e+000
1110,9.137168e+000,5.572750e+000,5.572750e+000
1111,9.138947e+000,5.573429e+000,5.573429e+000
1112,9.140731e+000,5.574108e+000,5.574108e+000
1113,9.142519e+000,5.574785e+000,5.574785e+000
1114,9.144313e+000,5.575461e+000,5.575461e+000
1115,9.146112e+000,5.576136e+000,5.576136e+000
1116,9.147915e+000,5.576810e+000,5.576810e+000
1117,9.149724e+000,5.577484e+000,5.577484e+000
1118,9.151537e+000,5.578156e+000,5.578156e+000
1119,9.153356e+000,5.578827e+000,5.578827e+000
1120,9.155179e+000,5.579498e+000,5.579498e+000
1121,9.157006e+000,5.580167e+000,5.580167e+000
1122,9.158839e+000,5.580836e+000,5.580836e+000
1123,9.160676e+000,5.581504e+000,5.581504e+000
1124,9.162518e+000,5.582172e+000,5.582172e+000
1125,9.164365e+000,5.582839e+000,5.582839e+000
1126,9.166216e+000,5.583505e+000,5.583505e+000
1127,9.168072e+000,5.584170e+000,5.584170e+000
1128,9.169932e+000,5.584835e+000,5.584835e+000
1129,9.171797e+000,5.585500e+000,5.585500e+000
1130,9.173666e+000,5.586164e+000,5.586164e+000
1131,9.175539e+000,5.586827e+000,5.586827e+000
1132,9.177417e+000,5.587490e+000,5.587490e+000
1133,9.179300e+000,5.588153e+000,5.588153e+000
1134,9.181186e+000,5.588816e+000,5.588816e+000
1135,9.183077e+000,5.589478e+000,5.589478e+000
1136,9.184973e+000,5.590139e+000,5.590139e+000
1137,9.186872e+000,5.590801e+000,5.590801e+000
1138,9.188776e+000,5.591462e+000,5.591462e+000
1139,9.190683e+000,5.592124e+000,5.592124e+000
1140,9.192595e+000,5.592785e+000,5.592785e+000
1141,9.194511e+000,5.593445e+000,5.593445e+000
1142,9.196431e+000,5.594106e+000,5.594106e+000
1143,9.198355e+000,5.594767e+000,5.594767e+000
1144,9.200283e+000,5.595428e+000,5.595428e+000
1145,9.202215e+000,5.596089e+000,5.596089e+000
1146,9.204151e+000,5.596750e+000,5.596750e+000
1147,9.206091e+000,5.597410e+000,5.597410e+000
1148,9.208034e+000,5.598072e+000,5.598072e+000
1149,9.209982e+000,5.598733e+000,5.598733e+000
1150,9.211933e+000,5.599394e+000,5.599394e+000
1151,9.213887e+000,5.600056e+000,5.600056e+000
1152,9.215846e+000,5.600718e+000,5.600718e+000
1153,9.217808e+000,5.601380e+000,5.601380e+000
1154,9.219774e+000,5.602042e+000,5.602042e+000
1155,9.221743e+000,5.602705e+000,5.602705e+000
1156,9.223716e+000,5.603368e+000,5.603368e+000
1157,9.225693e+000,5.604031e+000,5.604031e+000
1158,9.227673e+000,5.604695e+000,5.604695e+000
1159,9.229656e+000,5.605360e+000,5.605360e+000
1160,9.231643e+000,5.606025e+000,5.606025e+000
1161,9.233634e+000,5.606690e+000,5.606690e+000
1162,9.235627e+000,5.607356e+000,5.607356e+000
1163,9.237624e+000,5.608022e+000,5.608022e+000
1164,9.239624e+000,5.608689e+000,5.608689e+000
1165,9.241628e+000,5.609357e+000,5.609357e+000
1166,9.243635e+000,5.610025e+000,5.610025e+000
1167,9.245645e+000,5.610694e+000,5.610694e+000
1168,9.247658e+000,5.611364e+000,5.611364e+000
1169,9.249674e+000,5.612034e+000,5.612034e+000
1170,9.251693e+000,5.612706e+000,5.612706e+000
1171,9.253716e+000,5.613378e+000,5.613378e+000
1172,9.255741e+000,5.614050e+000,5.614050e+000
1173,9.257769e+000,5.614724e+000,5.614724e+000
1174,9.259801e+000,5.615399e+000,5.615399e+000
1175,9.261835e+000,5.616074e+000,5.616074e+000
1176,9.263872e+000,5.616750e+000,5.616750e+000
1177,9.265912e+000,5.617427e+000,5.617427e+000
1178,9.267955e+000,5.618106e+000,5.618106e+000
1179,9.270001e+000,5.618785e+000,5.618785e+000
1180,9.272049e+000,5.619465e+000,5.619465e+000
1181,9.274101e+000,5.620146e+000,5.620146e+000
1182,9.276154e+000,5.620829e+000,5.620829e+000
1183,9.278211e+000,5.621512e+000,5.621512e+000
1184,9.280270e+000,5.622196e+000,5.622196e+000
1185,9.282332e+000,5.622882e+000,5.622882e+000
1186,9.284396e+000,5.623569e+000,5.623569e+000
1187,9.286463e+000,5.624257e+000,5.624257e+000
1188,9.288533e+000,5.624946e+000,5.624946e+000
1189,9.290605e+000,5.625636e+000,5.625636e+000
1190,9.292679e+000,5.626328e+000,5.626328e+000
1191,9.294756e+000,5.627021e+000,5.627021e+000
1192,9.296835e+000,5.627715e+000,5.627715e+000
1193,9.298916e+000,5.628411e+000,5.628411e+000
1194,9.301000e+000,5.629108e+000,5.629108e+000
1195,9.303086e+000,5.629806e+000,5.629806e+000
1196,9.305174e+000,5.630505e+000,5.630505e+000
1197,9.307265e+000,5.631206e+000,5.631206e+000
1198,9.309358e+000,5.631909e+000,5.631909e+000
1199,9.311453e+000,5.632613e+000,5.632613e+000
1200,9.313550e+000,5.633318e+000,5.633318e+000
1201,9.315649e+000,5.634025e+000,5.634025e+000
1202,9.317750e+000,5.634733e+000,5.634733e+000
1203,9.319853e+000,5.635443e+000,5.635443e+000
1204,9.321959e+000,5.636154e+000,5.636154e+000
1205,9.324066e+000,5.636867e+000,5.636867e+000
1206,9.326175e+000,5.637582e+000,5.637582e+000
1207,9.328286e+000,5.638298e+000,5.638298e+000
1208,9.330399e+000,5.639016e+000,5.639016e+000
1209,9.332514e+000,5.639735e+000,5.639735e+000
1210,9.334631e+000,5.640456e+000,5.640456e+000
1211,9.336749e+000,5.641179e+000,5.641179e+000
1212,9.338869e+000,5.641903e+000,5.641903e+000
1213,9.340991e+000,5.642629e+000,5.642629e+000
1214,9.343115e+000,5.643357e+000,5.643357e+000
1215,9.345240e+000,5.644087e+000,5.644087e+000
1216,9.347367e+000,5.644818e+000,5.644818e+000
1217,9.349495e+000,5.645551e+000,5.645551e+000
1218,9.351625e+000,5.646286e+000,5.646286e+000
1219,9.353757e+000,5.647023e+000,5.647023e+000
1220,9.355890e+000,5.647761e+000,5.647761e+000
1221,9.358025e+000,5.648501e+000,5.648501e+000
1222,9.360161e+000,5.649244e+000,5.649244e+000
1223,9.362298e+000,5.649988e+000,5.649988e+000
1224,9.364437e+000,5.650734e+000,5.650734e+000
1225,9.366577e+000,5.651482e+000,5.651482e+000
1226,9.368719e+000,5.652232e+000,5.652232e+000
1227,9.370862e+000,5.652983e+000,5.652983e+000
1228,9.373006e+000,5.653737e+000,5.653737e+000
1229,9.375151e+000,5.654493e+000,5.654493e+000
1230,9.377298e+000,5.655250e+000,5.655250e+000
1231,9.379445e+000,5.656010e+000,5.656010e+000
1232,9.381594e+000,5.656772e+000,5.656772e+000
1233,9.383744e+000,5.657536e+000,5.657536e+000
1234,9.385895e+000,5.658301e+000,5.658301e+000
1235,9.388047e+000,5.659069e+000,5.659069e+000
1236,9.390200e+000,5.659839e+000,5.659839e+000
1237,9.392354e+000,5.660611e+000,5.660611e+000
1238,9.394509e+000,5.661385e+000,5.661385e+000
1239,9.396665e+000,5.662161e+000,5.662161e+000
1240,9.398822e+000,5.662940e+000,5.662940e+000
1241,9.400980e+000,5.663720e+000,5.663720e+000
1242,9.403139e+000,5.664503e+000,5.664503e+000
1243,9.405298e+000,5.665288e+000,5.665288e+000
1244,9.407458e+000,5.666075e+000,5.666075e+000
1245,9.409619e+000,5.666864e+000,5.666864e+000
1246,9.411780e+000,5.667655e+000,5.667655e+000
1247,9.413943e+000,5.668449e+000,5.668449e+000
1248,9.416106e+000,5.669244e+000,5.669244e+000
1249,9.418269e+000,5.670042e+000,5.670042e+000
1250,9.420433e+000,5.670843e+000,5.670843e+000
1251,9.422598e+000,5.671645e+000,5.671645e+000
1252,9.424763e+000,5.672450e+000,5.672450e+000
1253,9.426928e+000,5.673257e+000,5.673257e+000
1254,9.429094e+000,5.674067e+000,5.674067e+000
1255,9.431261e+000,5.674878e+000,5.674878e+000
1256,9.433428e+000,5.675692e+000,5.675692e+000
1257,9.435595e+000,5.676509e+000,5.676509e+000
1258,9.437762e+000,5.677327e+000,5.677327e+000
1259,9.439930e+000,5.678148e+000,5.678148e+000
1260,9.442098e+000,5.678972e+000,5.678972e+000
1261,9.444267e+000,5.679798e+000,5.679798e+000
1262,9.446435e+000,5.680626e+000,5.680626e+000
1263,9.448604e+000,5.681456e+000,5.681456e+000
1264,9.450773e+000,5.682289e+000,5.682289e+000
1265,9.452941e+000,5.683125e+000,5.683125e+000
1266,9.455110e+000,5.683962e+000,5.683962e+000
1267,9.457279e+000,5.684803e+000,5.684803e+000
1268,9.459448e+000,5.685645e+000,5.685645e+000
1269,9.461617e+000,5.686490e+000,5.686490e+000
1270,9.463786e+000,5.687338e+000,5.687338e+000
1271,9.465955e+000,5.688188e+000,5.688188e+000
1272,9.468123e+000,5.689040e+000,5.689040e+000
1273,9.470291e+000,5.689895e+000,5.689895e+000
1274,9.472460e+000,5.690753e+000,5.690753e+000
1275,9.474628e+000,5.691613e+000,5.691613e+000
1276,9.476795e+000,5.692476e+000,5.692476e+000
1277,9.478962e+000,5.693341e+000,5.693341e+000
1278,9.481129e+000,5.694208e+000,5.694208e+000
1279,9.483296e+000,5.695078e+000,5.695078e+000
1280,9.485462e+000,5.695951e+000,5.695951e+000
1281,9.487628e+000,5.696826e+000,5.696826e+000
1282,9.489793e+000,5.697704e+000,5.697704e+000
1283,9.491958e+000,5.698584e+000,5.698584e+000
1284,9.494122e+000,5.699467e+000,5.699467e+000
1285,9.496285e+000,5.700353e+000,5.700353e+000
1286,9.498448e+000,5.701241e+000,5.701241e+000
1287,9.500610e+000,5.702132e+000,5.702132e+000
1288,9.502772e+000,5.703025e+000,5.703025e+000
1289,9.504932e+000,5.703921e+000,5.703921e+000
1290,9.507092e+000,5.704819e+000,5.704819e+000
1291,9.509251e+000,5.705721e+000,5.705721e+000
1292,9.511410e+000,5.706624e+000,5.706624e+000
1293,9.513567e+000,5.707531e+000,5.707531e+000
1294,9.515723e+000,5.708440e+000,5.708440e+000
1295,9.517879e+000,5.709352e+000,5.709352e+000
1296,9.520033e+000,5.710266e+000,5.710266e+000
1297,9.522187e+000,5.711184e+000,5.711184e+000
1298,9.524339e+000,5.712103e+000,5.712103e+000
1299,9.526490e+000,5.713026e+000,5.713026e+000
1300,9.528640e+000,5.713951e+000,5.713951e+000
1301,9.530789e+000,5.714879e+000,5.714879e+000
1302,9.532936e+000,5.715810e+000,5.715810e+000
1303,9.535082e+000,5.716743e+000,5.716743e+000
1304,9.537227e+000,5.717679e+000,5.717679e+000
1305,9.539371e+000,5.718618e+000,5.718618e+000
1306,9.541513e+000,5.719559e+000,5.719559e+000
1307,9.543653e+000,5.720503e+000,5.720503e+000
1308,9.545793e+000,5.721450e+000,5.721450e+000
1309,9.547930e+000,5.722400e+000,5.722400e+000
1310,9.550066e+000,5.723353e+000,5.723353e+000
1311,9.552201e+000,5.724308e+000,5.724308e+000
1312,9.554333e+000,5.725266e+000,5.725266e+000
1313,9.556464e+000,5.726226e+000,5.726226e+000
1314,9.558594e+000,5.727190e+000,5.727190e+000
1315,9.560721e+000,5.728156e+000,5.728156e+000
1316,9.562847e+000,5.729125e+000,5.729125e+000
1317,9.564971e+000,5.730097e+000,5.730097e+000
1318,9.567093e+000,5.731072e+000,5.731072e+000
1319,9.569213e+000,5.732050e+000,5.732050e+000
1320,9.571331e+000,5.733030e+000,5.733030e+000
1321,9.573446e+000,5.734013e+000,5.734013e+000
1322,9.575560e+000,5.734999e+000,5.734999e+000
1323,9.577672e+000,5.735988e+000,5.735988e+000
1324,9.579781e+000,5.736979e+000,5.736979e+000
1325,9.581889e+000,5.737974e+000,5.737974e+000
1326,9.583994e+000,5.738971e+000,5.738971e+000
1327,9.586096e+000,5.739971e+000,5.739971e+000
1328,9.588196e+000,5.740974e+000,5.740974e+000
1329,9.590294e+000,5.741980e+000,5.741980e+000
1330,9.592390e+000,5.742988e+000,5.742988e+000
1331,9.594483e+000,5.744000e+000,5.744000e+000
1332,9.596573e+000,5.745014e+000,5.745014e+000
1333,9.598661e+000,5.746031e+000,5.746031e+000
1334,9.600746e+000,5.747051e+000,5.747051e+000
1335,9.602828e+000,5.748074e+000,5.748074e+000
1336,9.604908e+000,5.749100e+000,5.749100e+000
1337,9.606985e+000,5.750129e+000,5.750129e+000
1338,9.609059e+000,5.751160e+000,5.751160e+000
1339,9.611130e+000,5.752195e+000,5.752195e+000
1340,9.613198e+000,5.753232e+000,5.753232e+000
1341,9.615263e+000,5.754272e+000,5.754272e+000
1342,9.617325e+000,5.755316e+000,5.755316e+000
1343,9.619384e+000,5.756362e+000,5.756362e+000
1344,9.621440e+000,5.757411e+000,5.757411e+000
1345,9.623493e+000,5.758463e+000,5.758463e+000
1346,9.625542e+000,5.759517e+000,5.759517e+000
1347,9.627589e+000,5.760575e+000,5.760575e+000
1348,9.629631e+000,5.761636e+000,5.761636e+000
1349,9.631671e+000,5.762700e+000,5.762700e+000
1350,9.633707e+000,5.763766e+000,5.763766e+000
1351,9.635739e+000,5.764836e+000,5.764836e+000
1352,9.637768e+000,5.765908e+000,5.765908e+000
1353,9.639793e+000,5.766983e+000,5.766983e+000
1354,9.641815e+000,5.768062e+000,5.768062e+000
1355,9.643833e+000,5.769143e+000,5.769143e+000
1356,9.645847e+000,5.770227e+000,5.770227e+000
1357,9.647858e+000,5.771314e+000,5.771314e+000
1358,9.649864e+000,5.772404e+000,5.772404e+000
1359,9.651867e+000,5.773497e+000,5.773497e+000
1360,9.653865e+000,5.774593e+000,5.774593e+000
1361,9.655860e+000,5.775692e+000,5.775692e+000
1362,9.657850e+000,5.776794e+000,5.776794e+000
1363,9.659836e+000,5.777899e+000,5.777899e+000
1364,9.661819e+000,5.779007e+000,5.779007e+000
1365,9.663796e+000,5.780118e+000,5.780118e+000
1366,9.665770e+000,5.781232e+000,5.781232e+000
1367,9.667739e+000,5.782349e+000,5.782349e+000
1368,9.669704e+000,5.783469e+000,5.783469e+000
1369,9.671664e+000,5.784592e+000,5.784592e+000
1370,9.673620e+000,5.785717e+000,5.785717e+000
1371,9.675571e+000,5.786846e+000,5.786846e+000
1372,9.677518e+000,5.787978e+000,5.787978e+000
1373,9.679459e+000,5.789113e+000,5.789113e+000
1374,9.681396e+000,5.790251e+000,5.790251e+000
1375,9.683329e+000,5.791392e+000,5.791392e+000
1376,9.685256e+000,5.792535e+000,5.792535e+000
1377,9.687178e+000,5.793682e+000,5.793682e+000
1378,9.689096e+000,5.794832e+000,5.794832e+000
1379,9.691008e+000,5.795985e+000,5.795985e+000
1380,9.692916e+000,5.797141e+000,5.797141e+000
1381,9.694818e+000,5.798300e+000,5.798300e+000
1382,9.696715e+000,5.799462e+000,5.799462e+000
1383,9.698606e+000,5.800627e+000,5.800627e+000
1384,9.700493e+000,5.801795e+000,5.801795e+000
1385,9.702373e+000,5.802966e+000,5.802966e+000
1386,9.704249e+000,5.804140e+000,5.804140e+000
1387,9.706119e+000,5.805317e+000,5.805317e+000
1388,9.707983e+000,5.806498e+000,5.806498e+000
1389,9.709842e+000,5.807681e+000,5.807681e+000
1390,9.711695e+000,5.808867e+000,5.808867e+000
1391,9.713543e+000,5.810056e+000,5.810056e+000
1392,9.715384e+000,5.811249e+000,5.811249e+000
1393,9.717220e+000,5.812444e+000,5.812444e+000
1394,9.719050e+000,5.813642e+000,5.813642e+000
1395,9.720873e+000,5.814844e+000,5.814844e+000
1396,9.722691e+000,5.816049e+000,5.816049e+000
1397,9.724503e+000,5.817256e+000,5.817256e+000
1398,9.726309e+000,5.818467e+000,5.818467e+000
1399,9.728108e+000,5.819681e+000,5.819681e+000
1400,9.729901e+000,5.820897e+000,5.820897e+000
1401,9.731688e+000,5.822117e+000,5.822117e+000
1402,9.733468e+000,5.823340e+000,5.823340e+000
1403,9.735242e+000,5.824566e+000,5.824566e+000
1404,9.737010e+000,5.825795e+000,5.825795e+000
1405,9.738771e+000,5.827028e+000,5.827028e+000
1406,9.740525e+000,5.828263e+000,5.828263e+000
1407,9.742273e+000,5.829501e+000,5.829501e+000
1408,9.744014e+000,5.830743e+000,5.830743e+000
1409,9.745748e+000,5.831987e+000,5.831987e+000
1410,9.747476e+000,5.833235e+000,5.833235e+000
1411,9.749196e+000,5.834485e+000,5.834485e+000
1412,9.750910e+000,5.835739e+000,5.835739e+000
1413,9.752616e+000,5.836996e+000,5.836996e+000
1414,9.754316e+000,5.838256e+000,5.838256e+000
1415,9.756008e+000,5.839519e+000,5.839519e+000
1416,9.757694e+000,5.840785e+000,5.840785e+000
1417,9.759372e+000,5.842054e+000,5.842054e+000
1418,9.761042e+000,5.843326e+000,5.843326e+000
1419,9.762706e+000,5.844602e+000,5.844602e+000
1420,9.764362e+000,5.845880e+000,5.845880e+000
1421,9.766011e+000,5.847162e+000,5.847162e+000
1422,9.767652e+000,5.848446e+000,5.848446e+000
1423,9.769285e+000,5.849734e+000,5.849734e+000
1424,9.770912e+000,5.851025e+000,5.851025e+000
1425,9.772530e+000,5.852319e+000,5.852319e+000
1426,9.774141e+000,5.853616e+000,5.853616e+000
1427,9.775744e+000,5.854916e+000,5.854916e+000
1428,9.777339e+000,5.856220e+000,5.856220e+000
1429,9.778926e+000,5.857526e+000,5.857526e+000
1430,9.780506e+000,5.858836e+000,5.858836e+000
1431,9.782077e+000,5.860148e+000,5.860148e+000
1432,9.783641e+000,5.861464e+000,5.861464e+000
1433,9.785197e+000,5.862783e+000,5.862783e+000
1434,9.786744e+000,5.864105e+000,5.864105e+000
1435,9.788283e+000,5.865430e+000,5.865430e+000
1436,9.789815e+000,5.866758e+000,5.866758e+000
1437,9.791337e+000,5.868089e+000,5.868089e+000
1438,9.792852e+000,5.869424e+000,5.869424e+000
1439,9.794359e+000,5.870761e+000,5.870761e+000
1440,9.795857e+000,5.872102e+000,5.872102e+000
1441,9.797346e+000,5.873446e+000,5.873446e+000
1442,9.798827e+000,5.874793e+000,5.874793e+000
1443,9.800300e+000,5.876143e+000,5.876143e+000
1444,9.801764e+000,5.877496e+000,5.877496e+000
1445,9.803220e+000,5.878852e+000,5.878852e+000
1446,9.804667e+000,5.880212e+000,5.880212e+000
1447,9.806105e+000,5.881574e+000,5.881574e+000
1448,9.807535e+000,5.882940e+000,5.882940e+000
1449,9.808956e+000,5.884309e+000,5.884309e+000
1450,9.810368e+000,5.885681e+000,5.885681e+000
1451,9.811772e+000,5.887056e+000,5.887056e+000
1452,9.813166e+000,5.888434e+000,5.888434e+000
1453,9.814552e+000,5.889815e+000,5.889815e+000
1454,9.815929e+000,5.891200e+000,5.891200e+000
1455,9.817297e+000,5.892587e+000,5.892587e+000
1456,9.818656e+000,5.893978e+000,5.893978e+000
1457,9.820006e+000,5.895372e+000,5.895372e+000
1458,9.821346e+000,5.896769e+000,5.896769e+000
1459,9.822678e+000,5.898169e+000,5.898169e+000
1460,9.824001e+000,5.899572e+000,5.899572e+000
1461,9.825315e+000,5.900978e+000,5.900978e+000
1462,9.826619e+000,5.902388e+000,5.902388e+000
1463,9.827915e+000,5.903800e+000,5.903800e+000
1464,9.829201e+000,5.905216e+000,5.905216e+000
1465,9.830478e+000,5.906635e+000,5.906635e+000
1466,9.831745e+000,5.908057e+000,5.908057e+000
1467,9.833004e+000,5.909482e+000,5.909482e+000
1468,9.834253e+000,5.910910e+000,5.910910e+000
1469,9.835493e+000,5.912341e+000,5.912341e+000
1470,9.836723e+000,5.913776e+000,5.913776e+000
1471,9.837945e+000,5.915213e+000,5.915213e+000
1472,9.839156e+000,5.916654e+000,5.916654e+000
1473,9.840359e+000,5.918098e+000,5.918098e+000
1474,9.841552e+000,5.919545e+000,5.919545e+000
1475,9.842736e+000,5.920995e+000,5.920995e+000
1476,9.843910e+000,5.922448e+000,5.922448e+000
1477,9.845074e+000,5.923904e+000,5.923904e+000
1478,9.846230e+000,5.925363e+000,5.925363e+000
1479,9.847376e+000,5.926826e+000,5.926826e+000
1480,9.848512e+000,5.928292e+000,5.928292e+000
1481,9.849639e+000,5.929760e+000,5.929760e+000
1482,9.850756e+000,5.931232e+000,5.931232e+000
1483,9.851864e+000,5.932707e+000,5.932707e+000
1484,9.852962e+000,5.934185e+000,5.934185e+000
1485,9.854051e+000,5.935666e+000,5.935666e+000
1486,9.855130e+000,5.937150e+000,5.937150e+000
1487,9.856200e+000,5.938638e+000,5.938638e+000
1488,9.857260e+000,5.940128e+000,5.940128e+000
1489,9.858311e+000,5.941622e+000,5.941622e+000
1490,9.859352e+000,5.943118e+000,5.943118e+000
1491,9.860384e+000,5.944618e+000,5.944618e+000
1492,9.861406e+000,5.946121e+000,5.946121e+000
1493,9.862419e+000,5.947627e+000,5.947627e+000
1494,9.863422e+000,5.949136e+000,5.949136e+000
1495,9.864415e+000,5.950648e+000,5.950648e+000
1496,9.865400e+000,5.952163e+000,5.952163e+000
1497,9.866374e+000,5.953681e+000,5.953681e+000
1498,9.867339e+000,5.955202e+000,5.955202e+000
1499,9.868295e+000,5.956727e+000,5.956727e+000
1500,9.869241e+000,5.958254e+000,5.958254e+000
1501,9.870178e+000,5.959785e+000,5.959785e+000
1502,9.871105e+000,5.961318e+000,5.961318e+000
1503,9.872022e+000,5.962855e+000,5.962855e+000
1504,9.872931e+000,5.964395e+000,5.964395e+000
1505,9.873830e+000,5.965937e+000,5.965937e+000
1506,9.874719e+000,5.967483e+000,5.967483e+000
1507,9.875599e+000,5.969032e+000,5.969032e+000
1508,9.876470e+000,5.970584e+000,5.970584e+000
1509,9.877331e+000,5.972139e+000,5.972139e+000
1510,9.878184e+000,5.973697e+000,5.973697e+000
1511,9.879026e+000,5.975258e+000,5.975258e+000
1512,9.879860e+000,5.976822e+000,5.976822e+000
1513,9.880684e+000,5.978389e+000,5.978389e+000
1514,9.881499e+000,5.979959e+000,5.979959e+000
1515,9.882305e+000,5.981532e+000,5.981532e+000
1516,9.883101e+000,5.983108e+000,5.983108e+000
1517,9.883889e+000,5.984687e+000,5.984687e+000
1518,9.884667e+000,5.986269e+000,5.986269e+000
1519,9.885436e+000,5.987854e+000,5.987854e+000
1520,9.886196e+000,5.989443e+000,5.989443e+000
1521,9.886947e+000,5.991034e+000,5.991034e+000
1522,9.887689e+000,5.992628e+000,5.992628e+000
1523,9.888422e+000,5.994225e+000,5.994225e+000
1524,9.889146e+000,5.995825e+000,5.995825e+000
1525,9.889861e+000,5.997428e+000,5.997428e+000
1526,9.890568e+000,5.999034e+000,5.999034e+000
1527,9.891265e+000,6.000643e+000,6.000643e+000
1528,9.891953e+000,6.002254e+000,6.002254e+000
1529,9.892633e+000,6.003869e+000,6.003869e+000
1530,9.893304e+000,6.005487e+000,6.005487e+000
1531,9.893966e+000,6.007108e+000,6.007108e+000
1532,9.894620e+000,6.008731e+000,6.008731e+000
1533,9.895265e+000,6.010358e+000,6.010358e+000
1534,9.895901e+000,6.011987e+000,6.011987e+000
1535,9.896529e+000,6.013619e+000,6.013619e+000
1536,9.897148e+000,6.015255e+000,6.015255e+000
1537,9.897759e+000,6.016893e+000,6.016893e+000
1538,9.898361e+000,6.018534e+000,6.018534e+000
1539,9.898955e+000,6.020178e+000,6.020178e+000
1540,9.899540e+000,6.021825e+000,6.021825e+000
1541,9.900118e+000,6.023474e+000,6.023474e+000
1542,9.900687e+000,6.025127e+000,6.025127e+000
1543,9.901247e+000,6.026782e+000,6.026782e+000
1544,9.901800e+000,6.028440e+000,6.028440e+000
1545,9.902344e+000,6.030101e+000,6.030101e+000
1546,9.902881e+000,6.031765e+000,6.031765e+000
1547,9.903409e+000,6.033432e+000,6.033432e+000
1548,9.903929e+000,6.035101e+000,6.035101e+000
1549,9.904442e+000,6.036773e+000,6.036773e+000
1550,9.904946e+000,6.038448e+000,6.038448e+000
1551,9.905443e+000,6.040126e+000,6.040126e+000
1552,9.905931e+000,6.041807e+000,6.041807e+000
1553,9.906413e+000,6.043490e+000,6.043490e+000
1554,9.906886e+000,6.045176e+000,6.045176e+000
1555,9.907352e+000,6.046865e+000,6.046865e+000
1556,9.907810e+000,6.048557e+000,6.048557e+000
1557,9.908260e+000,6.050251e+000,6.050251e+000
1558,9.908703e+000,6.051948e+000,6.051948e+000
1559,9.909139e+000,6.053648e+000,6.053648e+000
1560,9.909567e+000,6.055351e+000,6.055351e+000
1561,9.909988e+000,6.057056e+000,6.057056e+000
1562,9.910402e+000,6.058764e+000,6.058764e+000
1563,9.910808e+000,6.060474e+000,6.060474e+000
1564,9.911208e+000,6.062188e+000,6.062188e+000
1565,9.911600e+000,6.063903e+000,6.063903e+000
1566,9.911985e+000,6.065622e+000,6.065622e+000
1567,9.912363e+000,6.067343e+000,6.067343e+000
1568,9.912734e+000,6.069067e+000,6.069067e+000
1569,9.913098e+000,6.070793e+000,6.070793e+000
1570,9.913456e+000,6.072522e+000,6.072522e+000
1571,9.913806e+000,6.074253e+000,6.074253e+000
1572,9.914150e+000,6.075987e+000,6.075987e+000
1573,9.914487e+000,6.077724e+000,6.077724e+000
1574,9.914818e+000,6.079463e+000,6.079463e+000
1575,9.915142e+000,6.081205e+000,6.081205e+000
1576,9.915459e+000,6.082949e+000,6.082949e+000
1577,9.915770e+000,6.084696e+000,6.084696e+000
1578,9.916075e+000,6.086445e+000,6.086445e+000
1579,9.916373e+000,6.088197e+000,6.088197e+000
1580,9.916665e+000,6.089951e+000,6.089951e+000
1581,9.916950e+000,6.091707e+000,6.091707e+000
1582,9.917230e+000,6.093466e+000,6.093466e+000
1583,9.917503e+000,6.095228e+000,6.095228e+000
1584,9.917771e+000,6.096992e+000,6.096992e+000
1585,9.918032e+000,6.098758e+000,6.098758e+000
1586,9.918287e+000,6.100527e+000,6.100527e+000
1587,9.918537e+000,6.102298e+000,6.102298e+000
1588,9.918781e+000,6.104071e+000,6.104071e+000
1589,9.919019e+000,6.105847e+000,6.105847e+000
1590,9.919251e+000,6.107625e+000,6.107625e+000
1591,9.919477e+000,6.109405e+000,6.109405e+000
1592,9.919698e+000,6.111187e+000,6.111187e+000
1593,9.919913e+000,6.112972e+000,6.112972e+000
1594,9.920123e+000,6.114759e+000,6.114759e+000
1595,9.920328e+000,6.116549e+000,6.116549e+000
1596,9.920527e+000,6.118340e+000,6.118340e+000
1597,9.920720e+000,6.120134e+000,6.120134e+000
1598,9.920909e+000,6.121930e+000,6.121930e+000
1599,9.921092e+000,6.123728e+000,6.123728e+000
1600,9.921270e+000,6.125529e+000,6.125529e+000
1601,9.921443e+000,6.127331e+000,6.127331e+000
1602,9.921611e+000,6.129136e+000,6.129136e+000
1603,9.921774e+000,6.130942e+000,6.130942e+000
1604,9.921932e+000,6.132751e+000,6.132751e+000
1605,9.922085e+000,6.134562e+000,6.134562e+000
1606,9.922233e+000,6.136375e+000,6.136375e+000
1607,9.922377e+000,6.138189e+000,6.138189e+000
1608,9.922516e+000,6.140006e+000,6.140006e+000
1609,9.922650e+000,6.141825e+000,6.141825e+000
1610,9.922779e+000,6.143646e+000,6.143646e+000
1611,9.922904e+000,6.145469e+000,6.145469e+000
1612,9.923025e+000,6.147293e+000,6.147293e+000
1613,9.923141e+000,6.149120e+000,6.149120e+000
1614,9.923253e+000,6.150949e+000,6.150949e+000
1615,9.923360e+000,6.152779e+000,6.152779e+000
1616,9.923463e+000,6.154611e+000,6.154611e+000
1617,9.923562e+000,6.156445e+000,6.156445e+000
1618,9.923656e+000,6.158281e+000,6.158281e+000
1619,9.923747e+000,6.160119e+000,6.160119e+000
1620,9.923833e+000,6.161958e+000,6.161958e+000
1621,9.923916e+000,6.163799e+000,6.163799e+000
1622,9.923994e+000,6.165642e+000,6.165642e+000
1623,9.924069e+000,6.167486e+000,6.167486e+000
1624,9.924139e+000,6.169332e+000,6.169332e+000
1625,9.924206e+000,6.171180e+000,6.171180e+000
1626,9.924269e+000,6.173029e+000,6.173029e+000
1627,9.924328e+000,6.174880e+000,6.174880e+000
1628,9.924384e+000,6.176733e+000,6.176733e+000
1629,9.924436e+000,6.178587e+000,6.178587e+000
1630,9.924485e+000,6.180443e+000,6.180443e+000
1631,9.924530e+000,6.182300e+000,6.182300e+000
1632,9.924571e+000,6.184158e+000,6.184158e+000
1633,9.924609e+000,6.186018e+000,6.186018e+000
1634,9.924644e+000,6.187880e+000,6.187880e+000
1635,9.924675e+000,6.189742e+000,6.189742e+000
1636,9.924704e+000,6.191607e+000,6.191607e+000
1637,9.924728e+000,6.193472e+000,6.193472e+000
1638,9.924750e+000,6.195339e+000,6.195339e+000
1639,9.924769e+000,6.197207e+000,6.197207e+000
1640,9.924784e+000,6.199076e+000,6.199076e+000
1641,9.924797e+000,6.200947e+000,6.200947e+000
1642,9.924806e+000,6.202819e+000,6.202819e+000
1643,9.924813e+000,6.204691e+000,6.204691e+000
1644,9.924817e+000,6.206565e+000,6.206565e+000
1645,9.924817e+000,6.208441e+000,6.208441e+000
1646,9.924815e+000,6.210317e+000,6.210317e+000
1647,9.924811e+000,6.212194e+000,6.212194e+000
1648,9.924803e+000,6.214072e+000,6.214072e+000
1649,9.924793e+000,6.215952e+000,6.215952e+000
1650,9.924780e+000,6.217832e+000,6.217832e+000
1651,9.924765e+000,6.219713e+000,6.219713e+000
1652,9.924747e+000,6.221595e+000,6.221595e+000
1653,9.924726e+000,6.223478e+000,6.223478e+000
1654,9.924703e+000,6.225362e+000,6.225362e+000
1655,9.924678e+000,6.227246e+000,6.227246e+000
1656,9.924650e+000,6.229131e+000,6.229131e+000
1657,9.924620e+000,6.231017e+000,6.231017e+000
1658,9.924588e+000,6.232904e+000,6.232904e+000
1659,9.924554e+000,6.234791e+000,6.234791e+000
1660,9.924517e+000,6.236679e+000,6.236679e+000
1661,9.924478e+000,6.238568e+000,6.238568e+000
1662,9.924437e+000,6.240457e+000,6.240457e+000
1663,9.924394e+000,6.242346e+000,6.242346e+000
1664,9.924349e+000,6.244237e+000,6.244237e+000
1665,9.924301e+000,6.246127e+000,6.246127e+000
1666,9.924252e+000,6.248018e+000,6.248018e+000
1667,9.924201e+000,6.249909e+000,6.249909e+000
1668,9.924148e+000,6.251801e+000,6.251801e+000
1669,9.924093e+000,6.253693e+000,6.253693e+000
1670,9.924037e+000,6.255585e+000,6.255585e+000
1671,9.923978e+000,6.257478e+000,6.257478e+000
1672,9.923918e+000,6.259370e+000,6.259370e+000
1673,9.923856e+000,6.261263e+000,6.261263e+000
1674,9.923793e+000,6.263156e+000,6.263156e+000
1675,9.923728e+000,6.265049e+000,6.265049e+000
1676,9.923661e+000,6.266942e+000,6.266942e+000
1677,9.923593e+000,6.268835e+000,6.268835e+000
1678,9.923523e+000,6.270728e+000,6.270728e+000
1679,9.923452e+000,6.272621e+000,6.272621e+000
1680,9.923379e+000,6.274514e+000,6.274514e+000
1681,9.923305e+000,6.276406e+000,6.276406e+000
1682,9.923229e+000,6.278299e+000,6.278299e+000
1683,9.923152e+000,6.280191e+000,6.280191e+000
1684,9.923074e+000,6.282082e+000,6.282082e+000
1685,9.922995e+000,6.283974e+000,6.283974e+000
1686,9.922914e+000,6.285865e+000,6.285865e+000
1687,9.922832e+000,6.287755e+000,6.287755e+000
1688,9.922749e+000,6.289646e+000,6.289646e+000
1689,9.922665e+000,6.291535e+000,6.291535e+000
1690,9.922580e+000,6.293424e+000,6.293424e+000
1691,9.922493e+000,6.295313e+000,6.295313e+000
1692,9.922406e+000,6.297201e+000,6.297201e+000
1693,9.922317e+000,6.299088e+000,6.299088e+000
1694,9.922228e+000,6.300974e+000,6.300974e+000
1695,9.922138e+000,6.302859e+000,6.302859e+000
1696,9.922046e+000,6.304744e+000,6.304744e+000
1697,9.921954e+000,6.306628e+000,6.306628e+000
1698,9.921861e+000,6.308511e+000,6.308511e+000
1699,9.921767e+000,6.310393e+000,6.310393e+000
1700,9.921673e+000,6.312274e+000,6.312274e+000
1701,9.921578e+000,6.314153e+000,6.314153e+000
1702,9.921481e+000,6.316032e+000,6.316032e+000
1703,9.921385e+000,6.317910e+000,6.317910e+000
1704,9.921287e+000,6.319786e+000,6.319786e+000
1705,9.921189e+000,6.321661e+000,6.321661e+000
1706,9.921091e+000,6.323535e+000,6.323535e+000
1707,9.920991e+000,6.325407e+000,6.325407e+000
1708,9.920892e+000,6.327278e+000,6.327278e+000
1709,9.920791e+000,6.329147e+000,6.329147e+000
1710,9.920690e+000,6.331015e+000,6.331015e+000
1711,9.920589e+000,6.332881e+000,6.332881e+000
1712,9.920487e+000,6.334746e+000,6.334746e+000
1713,9.920385e+000,6.336609e+000,6.336609e+000
1714,9.920283e+000,6.338470e+000,6.338470e+000
1715,9.920180e+000,6.340330e+000,6.340330e+000
1716,9.920077e+000,6.342187e+000,6.342187e+000
1717,9.919973e+000,6.344043e+000,6.344043e+000
1718,9.919870e+000,6.345897e+000,6.345897e+000
1719,9.919766e+000,6.347749e+000,6.347749e+000
1720,9.919662e+000,6.349598e+000,6.349598e+000
1721,9.919557e+000,6.351446e+000,6.351446e+000
1722,9.919453e+000,6.353291e+000,6.353291e+000
1723,9.919348e+000,6.355135e+000,6.355135e+000
1724,9.919244e+000,6.356976e+000,6.356976e+000
1725,9.919139e+000,6.358814e+000,6.358814e+000
1726,9.919034e+000,6.360650e+000,6.360650e+000
1727,9.918929e+000,6.362484e+000,6.362484e+000
1728,9.918824e+000,6.364315e+000,6.364315e+000
1729,9.918720e+000,6.366144e+000,6.366144e+000
1730,9.918615e+000,6.367970e+000,6.367970e+000
1731,9.918510e+000,6.369794e+000,6.369794e+000
1732,9.918406e+000,6.371615e+000,6.371615e+000
1733,9.918301e+000,6.373433e+000,6.373433e+000
1734,9.918197e+000,6.375248e+000,6.375248e+000
1735,9.918093e+000,6.377060e+000,6.377060e+000
1736,9.917989e+000,6.378869e+000,6.378869e+000
1737,9.917885e+000,6.380676e+000,6.380676e+000
1738,9.917782e+000,6.382479e+000,6.382479e+000
1739,9.917679e+000,6.384279e+000,6.384279e+000
1740,9.917576e+000,6.386076e+000,6.386076e+000
1741,9.917474e+000,6.387869e+000,6.387869e+000
1742,9.917372e+000,6.389660e+000,6.389660e+000
1743,9.917270e+000,6.391447e+000,6.391447e+000
1744,9.917169e+000,6.393231e+000,6.393231e+000
1745,9.917068e+000,6.395011e+000,6.395011e+000
1746,9.916968e+000,6.396787e+000,6.396787e+000
1747,9.916868e+000,6.398560e+000,6.398560e+000
1748,9.916769e+000,6.400330e+000,6.400330e+000
1749,9.916670e+000,6.402095e+000,6.402095e+000
1750,9.916572e+000,6.403857e+000,6.403857e+000
1751,9.916474e+000,6.405615e+000,6.405615e+000
1752,9.916377e+000,6.407369e+000,6.407369e+000
1753,9.916280e+000,6.409120e+000,6.409120e+000
1754,9.916185e+000,6.410866e+000,6.410866e+000
1755,9.916090e+000,6.412608e+000,6.412608e+000
1756,9.915995e+000,6.414346e+000,6.414346e+000
1757,9.915902e+000,6.416080e+000,6.416080e+000
1758,9.915809e+000,6.417810e+000,6.417810e+000
1759,9.915717e+000,6.419535e+000,6.419535e+000
1760,9.915626e+000,6.421256e+000,6.421256e+000
1761,9.915535e+000,6.422973e+000,6.422973e+000
1762,9.915446e+000,6.424685e+000,6.424685e+000
1763,9.915357e+000,6.426393e+000,6.426393e+000
1764,9.915269e+000,6.428096e+000,6.428096e+000
1765,9.915182e+000,6.429794e+000,6.429794e+000
1766,9.915097e+000,6.431488e+000,6.431488e+000
1767,9.915012e+000,6.433177e+000,6.433177e+000
1768,9.914928e+000,6.434861e+000,6.434861e+000
1769,9.914845e+000,6.436540e+000,6.436540e+000
1770,9.914763e+000,6.438214e+000,6.438214e+000
1771,9.914683e+000,6.439884e+000,6.439884e+000
1772,9.914603e+000,6.441548e+000,6.441548e+000
1773,9.914524e+000,6.443207e+000,6.443207e+000
1774,9.914447e+000,6.444861e+000,6.444861e+000
1775,9.914371e+000,6.446510e+000,6.446510e+000
1776,9.914296e+000,6.448154e+000,6.448154e+000
1777,9.914222e+000,6.449792e+000,6.449792e+000
1778,9.914150e+000,6.451425e+000,6.451425e+000
1779,9.914079e+000,6.453053e+000,6.453053e+000
1780,9.914009e+000,6.454675e+000,6.454675e+000
1781,9.913940e+000,6.456291e+000,6.456291e+000
1782,9.913873e+000,6.457902e+000,6.457902e+000
1783,9.913807e+000,6.459507e+000,6.459507e+000
1784,9.913743e+000,6.461107e+000,6.461107e+000
1785,9.913680e+000,6.462701e+000,6.462701e+000
1786,9.913618e+000,6.464289e+000,6.464289e+000
1787,9.913558e+000,6.465871e+000,6.465871e+000
1788,9.913500e+000,6.467448e+000,6.467448e+000
1789,9.913443e+000,6.469018e+000,6.469018e+000
1790,9.913387e+000,6.470582e+000,6.470582e+000
1791,9.913333e+000,6.472141e+000,6.472141e+000
1792,9.913281e+000,6.473693e+000,6.473693e+000
1793,9.913230e+000,6.475239e+000,6.475239e+000
1794,9.913181e+000,6.476779e+000,6.476779e+000
1795,9.913134e+000,6.478313e+000,6.478313e+000
1796,9.913089e+000,6.479841e+000,6.479841e+000
1797,9.913045e+000,6.481362e+000,6.481362e+000
1798,9.913003e+000,6.482877e+000,6.482877e+000
1799,9.912963e+000,6.484385e+000,6.484385e+000
1800,9.912924e+000,6.485887e+000,6.485887e+000
1801,9.912888e+000,6.487383e+000,6.487383e+000
1802,9.912853e+000,6.488872e+000,6.488872e+000
1803,9.912820e+000,6.490354e+000,6.490354e+000
1804,9.912789e+000,6.491830e+000,6.491830e+000
1805,9.912760e+000,6.493299e+000,6.493299e+000
1806,9.912733e+000,6.494762e+000,6.494762e+000
1807,9.912709e+000,6.496217e+000,6.496217e+000
1808,9.912686e+000,6.497666e+000,6.497666e+000
1809,9.912665e+000,6.499109e+000,6.499109e+000
1810,9.912646e+000,6.500544e+000,6.500544e+000
1811,9.912630e+000,6.501973e+000,6.501973e+000
1812,9.912615e+000,6.503394e+000,6.503394e+000
1813,9.912603e+000,6.504809e+000,6.504809e+000
1814,9.912593e+000,6.506217e+000,6.506217e+000
1815,9.912585e+000,6.507617e+000,6.507617e+000
1816,9.912580e+000,6.509011e+000,6.509011e+000
1817,9.912577e+000,6.510398e+000,6.510398e+000
1818,9.912576e+000,6.511778e+000,6.511778e+000
1819,9.912578e+000,6.513150e+000,6.513150e+000
1820,9.912582e+000,6.514515e+000,6.514515e+000
1821,9.912588e+000,6.515874e+000,6.515874e+000
1822,9.912597e+000,6.517225e+000,6.517225e+000
1823,9.912608e+000,6.518568e+000,6.518568e+000
1824,9.912622e+000,6.519905e+000,6.519905e+000
1825,9.912638e+000,6.521234e+000,6.521234e+000
1826,9.912657e+000,6.522557e+000,6.522557e+000
1827,9.912679e+000,6.523871e+000,6.523871e+000
1828,9.912703e+000,6.525179e+000,6.525179e+000
1829,9.912730e+000,6.526479e+000,6.526479e+000
1830,9.912760e+000,6.527772e+000,6.527772e+000
1831,9.912792e+000,6.529057e+000,6.529057e+000
1832,9.912827e+000,6.530335e+000,6.530335e+000
1833,9.912865e+000,6.531606e+000,6.531606e+000
1834,9.912906e+000,6.532870e+000,6.532870e+000
1835,9.912950e+000,6.534126e+000,6.534126e+000
1836,9.912997e+000,6.535374e+000,6.535374e+000
1837,9.913046e+000,6.536615e+000,6.536615e+000
1838,9.913099e+000,6.537849e+000,6.537849e+000
1839,9.913154e+000,6.539075e+000,6.539075e+000
1840,9.913213e+000,6.540294e+000,6.540294e+000
1841,9.913274e+000,6.541505e+000,6.541505e+000
1842,9.913339e+000,6.542709e+000,6.542709e+000
1843,9.913407e+000,6.543906e+000,6.543906e+000
1844,9.913478e+000,6.545095e+000,6.545095e+000
1845,9.913553e+000,6.546276e+000,6.546276e+000
1846,9.913630e+000,6.547450e+000,6.547450e+000
1847,9.913711e+000,6.548617e+000,6.548617e+000
1848,9.913795e+000,6.549776e+000,6.549776e+000
1849,9.913883e+000,6.550928e+000,6.550928e+000
1850,9.913974e+000,6.552072e+000,6.552072e+000
1851,9.914068e+000,6.553209e+000,6.553209e+000
1852,9.914166e+000,6.554339e+000,6.554339e+000
1853,9.914268e+000,6.555461e+000,6.555461e+000
1854,9.914373e+000,6.556576e+000,6.556576e+000
1855,9.914481e+000,6.557683e+000,6.557683e+000
1856,9.914594e+000,6.558783e+000,6.558783e+000
1857,9.914709e+000,6.559876e+000,6.559876e+000
1858,9.914829e+000,6.560961e+000,6.560961e+000
1859,9.914952e+000,6.562039e+000,6.562039e+000
1860,9.915079e+000,6.563109e+000,6.563109e+000
1861,9.915210e+000,6.564173e+000,6.564173e+000
1862,9.915345e+000,6.565229e+000,6.565229e+000
1863,9.915484e+000,6.566277e+000,6.566277e+000
1864,9.915627e+000,6.567319e+000,6.567319e+000
1865,9.915773e+000,6.568353e+000,6.568353e+000
1866,9.915924e+000,6.569381e+000,6.569381e+000
1867,9.916079e+000,6.570400e+000,6.570400e+000
1868,9.916237e+000,6.571413e+000,6.571413e+000
1869,9.916400e+000,6.572419e+000,6.572419e+000
1870,9.916567e+000,6.573418e+000,6.573418e+000
1871,9.916739e+000,6.574409e+000,6.574409e+000
1872,9.916914e+000,6.575394e+000,6.575394e+000
1873,9.917094e+000,6.576371e+000,6.576371e+000
1874,9.917279e+000,6.577342e+000,6.577342e+000
1875,9.917467e+000,6.578306e+000,6.578306e+000
1876,9.917661e+000,6.579262e+000,6.579262e+000
1877,9.917858e+000,6.580212e+000,6.580212e+000
1878,9.918060e+000,6.581155e+000,6.581155e+000
1879,9.918267e+000,6.582092e+000,6.582092e+000
1880,9.918478e+000,6.583021e+000,6.583021e+000
1881,9.918694e+000,6.583944e+000,6.583944e+000
1882,9.918915e+000,6.584860e+000,6.584860e+000
1883,9.919140e+000,6.585769e+000,6.585769e+000
1884,9.919370e+000,6.586672e+000,6.586672e+000
1885,9.919605e+000,6.587569e+000,6.587569e+000
1886,9.919845e+000,6.588458e+000,6.588458e+000
1887,9.920090e+000,6.589342e+000,6.589342e+000
1888,9.920340e+000,6.590219e+000,6.590219e+000
1889,9.920594e+000,6.591089e+000,6.591089e+000
1890,9.920854e+000,6.591953e+000,6.591953e+000
1891,9.921119e+000,6.592811e+000,6.592811e+000
1892,9.921389e+000,6.593663e+000,6.593663e+000
1893,9.921664e+000,6.594508e+000,6.594508e+000
1894,9.921944e+000,6.595347e+000,6.595347e+000
1895,9.922230e+000,6.596180e+000,6.596180e+000
1896,9.922521e+000,6.597008e+000,6.597008e+000
1897,9.922817e+000,6.597829e+000,6.597829e+000
1898,9.923119e+000,6.598644e+000,6.598644e+000
1899,9.923426e+000,6.599453e+000,6.599453e+000
1900,9.923738e+000,6.600256e+000,6.600256e+000
1901,9.924056e+000,6.601054e+000,6.601054e+000
1902,9.924380e+000,6.601846e+000,6.601846e+000
1903,9.924709e+000,6.602632e+000,6.602632e+000
1904,9.925044e+000,6.603412e+000,6.603412e+000
1905,9.925385e+000,6.604187e+000,6.604187e+000
1906,9.925731e+000,6.604957e+000,6.604957e+000
1907,9.926083e+000,6.605721e+000,6.605721e+000
1908,9.926441e+000,6.606479e+000,6.606479e+000
1909,9.926805e+000,6.607232e+000,6.607232e+000
1910,9.927175e+000,6.607980e+000,6.607980e+000
1911,9.927551e+000,6.608723e+000,6.608723e+000
1912,9.927932e+000,6.609460e+000,6.609460e+000
1913,9.928320e+000,6.610193e+000,6.610193e+000
1914,9.928714e+000,6.610920e+000,6.610920e+000
1915,9.929114e+000,6.611642e+000,6.611642e+000
1916,9.929520e+000,6.612359e+000,6.612359e+000
1917,9.929932e+000,6.613072e+000,6.613072e+000
1918,9.930351e+000,6.613779e+000,6.613779e+000
1919,9.930776e+000,6.614482e+000,6.614482e+000
1920,9.931207e+000,6.615180e+000,6.615180e+000
1921,9.931645e+000,6.615874e+000,6.615874e+000
1922,9.932089e+000,6.616563e+000,6.616563e+000
1923,9.932539e+000,6.617247e+000,6.617247e+000
1924,9.932997e+000,6.617927e+000,6.617927e+000
1925,9.933460e+000,6.618603e+000,6.618603e+000
1926,9.933930e+000,6.619274e+000,6.619274e+000
1927,9.934407e+000,6.619941e+000,6.619941e+000
1928,9.934891e+000,6.620603e+000,6.620603e+000
1929,9.935381e+000,6.621262e+000,6.621262e+000
1930,9.935878e+000,6.621916e+000,6.621916e+000
1931,9.936381e+000,6.622567e+000,6.622567e+000
1932,9.936892e+000,6.623213e+000,6.623213e+000
1933,9.937409e+000,6.623856e+000,6.623856e+000
1934,9.937934e+000,6.624495e+000,6.624495e+000
1935,9.938465e+000,6.625130e+000,6.625130e+000
1936,9.939003e+000,6.625761e+000,6.625761e+000
1937,9.939548e+000,6.626389e+000,6.626389e+000
1938,9.940100e+000,6.627013e+000,6.627013e+000
1939,9.940660e+000,6.627634e+000,6.627634e+000
1940,9.941226e+000,6.628251e+000,6.628251e+000
1941,9.941800e+000,6.628864e+000,6.628864e+000
1942,9.942380e+000,6.629475e+000,6.629475e+000
1943,9.942968e+000,6.630082e+000,6.630082e+000
1944,9.943563e+000,6.630686e+000,6.630686e+000
1945,9.944166e+000,6.631287e+000,6.631287e+000
1946,9.944776e+000,6.631885e+000,6.631885e+000
1947,9.945393e+000,6.632479e+000,6.632479e+000
1948,9.946017e+000,6.633071e+000,6.633071e+000
1949,9.946649e+000,6.633660e+000,6.633660e+000
1950,9.947288e+000,6.634246e+000,6.634246e+000
1951,9.947935e+000,6.634830e+000,6.634830e+000
1952,9.948589e+000,6.635410e+000,6.635410e+000
1953,9.949251e+000,6.635989e+000,6.635989e+000
1954,9.949920e+000,6.636564e+000,6.636564e+000
1955,9.950597e+000,6.637137e+000,6.637137e+000
1956,9.951282e+000,6.637708e+000,6.637708e+000
1957,9.951974e+000,6.638276e+000,6.638276e+000
1958,9.952673e+000,6.638842e+000,6.638842e+000
1959,9.953381e+000,6.639405e+000,6.639405e+000
1960,9.954096e+000,6.639966e+000,6.639966e+000
1961,9.954818e+000,6.640526e+000,6.640526e+000
1962,9.955549e+000,6.641083e+000,6.641083e+000
1963,9.956287e+000,6.641638e+000,6.641638e+000
1964,9.957033e+000,6.642191e+000,6.642191e+000
1965,9.957787e+000,6.642742e+000,6.642742e+000
1966,9.958548e+000,6.643292e+000,6.643292e+000
1967,9.959318e+000,6.643839e+000,6.643839e+000
1968,9.960095e+000,6.644385e+000,6.644385e+000
1969,9.960880e+000,6.644930e+000,6.644930e+000
1970,9.961673e+000,6.645472e+000,6.645472e+000
1971,9.962474e+000,6.646013e+000,6.646013e+000
1972,9.963283e+000,6.646553e+000,6.646553e+000
1973,9.964100e+000,6.647091e+000,6.647091e+000
1974,9.964924e+000,6.647628e+000,6.647628e+000
1975,9.965757e+000,6.648163e+000,6.648163e+000
1976,9.966597e+000,6.648698e+000,6.648698e+000
1977,9.967446e+000,6.649231e+000,6.649231e+000
1978,9.968302e+000,6.649763e+000,6.649763e+000
1979,9.969167e+000,6.650293e+000,6.650293e+000
1980,9.970039e+000,6.650823e+000,6.650823e+000
1981,9.970920e+000,6.651352e+000,6.651352e+000
1982,9.971808e+000,6.651879e+000,6.651879e+000
1983,9.972705e+000,6.652406e+000,6.652406e+000
1984,9.973609e+000,6.652932e+000,6.652932e+000
1985,9.974522e+000,6.653458e+000,6.653458e+000
1986,9.975442e+000,6.653982e+000,6.653982e+000
1987,9.976371e+000,6.654506e+000,6.654506e+000
1988,9.977308e+000,6.655029e+000,6.655029e+000
1989,9.978252e+000,6.655552e+000,6.655552e+000
1990,9.979205e+000,6.656074e+000,6.656074e+000
1991,9.980166e+000,6.656596e+000,6.656596e+000
1992,9.981135e+000,6.657117e+000,6.657117e+000
1993,9.982111e+000,6.657638e+000,6.657638e+000
1994,9.983096e+000,6.658159e+000,6.658159e+000
1995,9.984089e+000,6.658679e+000,6.658679e+000
1996,9.985090e+000,6.659199e+000,6.659199e+000
1997,9.986099e+000,6.659719e+000,6.659719e+000
1998,9.987116e+000,6.660239e+000,6.660239e+000
1999,9.988141e+000,6.660759e+000,6.660759e+000
