1,0.000000e+000
2,2.585876e-001
3,1.034351e+000
4,2.326879e+000
5,4.135220e+000
6,6.457876e+000
7,9.292807e+000
8,1.263744e+001
9,1.648867e+001
10,2.084286e+001
11,2.569586e+001
12,3.104301e+001
13,3.687915e+001
14,4.319863e+001
15,4.999530e+001
16,5.726258e+001
17,6.499340e+001
18,7.318026e+001
19,8.181524e+001
20,9.089001e+001
21,1.003958e+002
22,1.103236e+002
23,1.206638e+002
24,1.314067e+002
25,1.425421e+002
26,1.540596e+002
27,1.659483e+002
28,1.781974e+002
29,1.907956e+002
30,2.037313e+002
31,2.169928e+002
32,2.305683e+002
33,2.444458e+002
34,2.586129e+002
35,2.730574e+002
36,2.877668e+002
37,3.027285e+002
38,3.179300e+002
39,3.333586e+002
40,3.490015e+002
41,3.648461e+002
42,3.808796e+002
43,3.970893e+002
44,4.134625e+002
45,4.299867e+002
46,4.466494e+002
47,4.634379e+002
48,4.803401e+002
49,4.973437e+002
50,5.144365e+002
51,5.316065e+002
52,5.488421e+002
53,5.661314e+002
54,5.834631e+002
55,6.008259e+002
56,6.182086e+002
57,6.356005e+002
58,6.529908e+002
59,6.703692e+002
60,6.877253e+002
61,7.050493e+002
62,7.223315e+002
63,7.395623e+002
64,7.567327e+002
65,7.738335e+002
66,7.908562e+002
67,8.077923e+002
68,8.246336e+002
69,8.413724e+002
70,8.580010e+002
71,8.745120e+002
72,8.908984e+002
73,9.071535e+002
74,9.232707e+002
75,9.392438e+002
76,9.550668e+002
77,9.707341e+002
78,9.862401e+002
79,1.001580e+003
80,1.016748e+003
81,1.031741e+003
82,1.046554e+003
83,1.061182e+003
84,1.075621e+003
85,1.089869e+003
86,1.103922e+003
87,1.117777e+003
88,1.131430e+003
89,1.144879e+003
90,1.158122e+003
91,1.171156e+003
92,1.183979e+003
93,1.196590e+003
94,1.208986e+003
95,1.221167e+003
96,1.233131e+003
97,1.244877e+003
98,1.256405e+003
99,1.267712e+003
100,1.278800e+003
101,1.289668e+003
102,1.300315e+003
103,1.310741e+003
104,1.320946e+003
105,1.330932e+003
106,1.340697e+003
107,1.350243e+003
108,1.359570e+003
109,1.368679e+003
110,1.377570e+003
111,1.386245e+003
112,1.394705e+003
113,1.402951e+003
114,1.410984e+003
115,1.418806e+003
116,1.426418e+003
117,1.433821e+003
118,1.441017e+003
119,1.448008e+003
120,1.454795e+003
121,1.461381e+003
122,1.467767e+003
123,1.473954e+003
124,1.479946e+003
125,1.485744e+003
126,1.491351e+003
127,1.496767e+003
128,1.501996e+003
129,1.507039e+003
130,1.511899e+003
131,1.516578e+003
132,1.521078e+003
133,1.525402e+003
134,1.529552e+003
135,1.533530e+003
136,1.537339e+003
137,1.540980e+003
138,1.544457e+003
139,1.547771e+003
140,1.550926e+003
141,1.553923e+003
142,1.556765e+003
143,1.559454e+003
144,1.561993e+003
145,1.564384e+003
146,1.566629e+003
147,1.568731e+003
148,1.570693e+003
149,1.572516e+003
150,1.574203e+003
151,1.575756e+003
152,1.577178e+003
153,1.578471e+003
154,1.579637e+003
155,1.580679e+003
156,1.581598e+003
157,1.582398e+003
158,1.583080e+003
159,1.583647e+003
160,1.584100e+003
161,1.584442e+003
162,1.584676e+003
163,1.584803e+003
164,1.584825e+003
165,1.584745e+003
166,1.584564e+003
167,1.584285e+003
168,1.583910e+003
169,1.583441e+003
170,1.582879e+003
171,1.582227e+003
172,1.581486e+003
173,1.580659e+003
174,1.579747e+003
175,1.578753e+003
176,1.577678e+003
177,1.576523e+003
178,1.575292e+003
179,1.573985e+003
180,1.572604e+003
181,1.571151e+003
182,1.569627e+003
183,1.568035e+003
184,1.566376e+003
185,1.564651e+003
186,1.562862e+003
187,1.561012e+003
188,1.559100e+003
189,1.557129e+003
190,1.555100e+003
191,1.553015e+003
192,1.550875e+003
193,1.548682e+003
194,1.546436e+003
195,1.544140e+003
196,1.541795e+003
197,1.539401e+003
198,1.536961e+003
199,1.534475e+003
200,1.531945e+003
201,1.529372e+003
202,1.526758e+003
203,1.524103e+003
204,1.521408e+003
205,1.518675e+003
206,1.515905e+003
207,1.513099e+003
208,1.510258e+003
209,1.507384e+003
210,1.504476e+003
211,1.501536e+003
212,1.498566e+003
213,1.495566e+003
214,1.492537e+003
215,1.489480e+003
216,1.486397e+003
217,1.483287e+003
218,1.480152e+003
219,1.476992e+003
220,1.473809e+003
221,1.470604e+003
222,1.467376e+003
223,1.464128e+003
224,1.460860e+003
225,1.457572e+003
226,1.454265e+003
227,1.450941e+003
228,1.447599e+003
229,1.444241e+003
230,1.440866e+003
231,1.437477e+003
232,1.434074e+003
233,1.430656e+003
234,1.427225e+003
235,1.423782e+003
236,1.420327e+003
237,1.416861e+003
238,1.413383e+003
239,1.409896e+003
240,1.406399e+003
241,1.402893e+003
242,1.399378e+003
243,1.395855e+003
244,1.392325e+003
245,1.388788e+003
246,1.385244e+003
247,1.381694e+003
248,1.378139e+003
249,1.374578e+003
250,1.371013e+003
251,1.367443e+003
252,1.363870e+003
253,1.360293e+003
254,1.356713e+003
255,1.353131e+003
256,1.349546e+003
257,1.345960e+003
258,1.342372e+003
259,1.338783e+003
260,1.335193e+003
261,1.331603e+003
262,1.328013e+003
263,1.324422e+003
264,1.320833e+003
265,1.317244e+003
266,1.313656e+003
267,1.310070e+003
268,1.306486e+003
269,1.302903e+003
270,1.299323e+003
271,1.295746e+003
272,1.292171e+003
273,1.288599e+003
274,1.285031e+003
275,1.281466e+003
276,1.277905e+003
277,1.274348e+003
278,1.270795e+003
279,1.267247e+003
280,1.263703e+003
281,1.260164e+003
282,1.256630e+003
283,1.253101e+003
284,1.249578e+003
285,1.246061e+003
286,1.242549e+003
287,1.239043e+003
288,1.235543e+003
289,1.232050e+003
290,1.228563e+003
291,1.225083e+003
292,1.221609e+003
293,1.218142e+003
294,1.214682e+003
295,1.211230e+003
296,1.207784e+003
297,1.204347e+003
298,1.200916e+003
299,1.197494e+003
300,1.194079e+003
301,1.190672e+003
302,1.187273e+003
303,1.183882e+003
304,1.180499e+003
305,1.177125e+003
306,1.173759e+003
307,1.170401e+003
308,1.167052e+003
309,1.163712e+003
310,1.160380e+003
311,1.157057e+003
312,1.153744e+003
313,1.150439e+003
314,1.147143e+003
315,1.143856e+003
316,1.140579e+003
317,1.137310e+003
318,1.134051e+003
319,1.130801e+003
320,1.127561e+003
321,1.124330e+003
322,1.121109e+003
323,1.117897e+003
324,1.114695e+003
325,1.111503e+003
326,1.108320e+003
327,1.105147e+003
328,1.101983e+003
329,1.098830e+003
330,1.095686e+003
331,1.092552e+003
332,1.089428e+003
333,1.086314e+003
334,1.083210e+003
335,1.080116e+003
336,1.077032e+003
337,1.073958e+003
338,1.070894e+003
339,1.067840e+003
340,1.064796e+003
341,1.061762e+003
342,1.058739e+003
343,1.055725e+003
344,1.052722e+003
345,1.049729e+003
346,1.046746e+003
347,1.043773e+003
348,1.040810e+003
349,1.037857e+003
350,1.034915e+003
351,1.031982e+003
352,1.029060e+003
353,1.026148e+003
354,1.023247e+003
355,1.020355e+003
356,1.017474e+003
357,1.014603e+003
358,1.011742e+003
359,1.008891e+003
360,1.006050e+003
361,1.003219e+003
362,1.000399e+003
363,9.975887e+002
364,9.947885e+002
365,9.919984e+002
366,9.892185e+002
367,9.864486e+002
368,9.836888e+002
369,9.809390e+002
370,9.781994e+002
371,9.754697e+002
372,9.727501e+002
373,9.700404e+002
374,9.673408e+002
375,9.646511e+002
376,9.619714e+002
377,9.593016e+002
378,9.566417e+002
379,9.539917e+002
380,9.513516e+002
381,9.487213e+002
382,9.461009e+002
383,9.434903e+002
384,9.408894e+002
385,9.382984e+002
386,9.357170e+002
387,9.331455e+002
388,9.305836e+002
389,9.280313e+002
390,9.254888e+002
391,9.229558e+002
392,9.204325e+002
393,9.179187e+002
394,9.154145e+002
395,9.129198e+002
396,9.104345e+002
397,9.079588e+002
398,9.054925e+002
399,9.030356e+002
400,9.005882e+002
401,8.981500e+002
402,8.957212e+002
403,8.933018e+002
404,8.908915e+002
405,8.884906e+002
406,8.860988e+002
407,8.837163e+002
408,8.813429e+002
409,8.789786e+002
410,8.766235e+002
411,8.742774e+002
412,8.719404e+002
413,8.696123e+002
414,8.672933e+002
415,8.649832e+002
416,8.626820e+002
417,8.603898e+002
418,8.581064e+002
419,8.558318e+002
420,8.535660e+002
421,8.513090e+002
422,8.490607e+002
423,8.468211e+002
424,8.445902e+002
425,8.423680e+002
426,8.401543e+002
427,8.379493e+002
428,8.357528e+002
429,8.335648e+002
430,8.313853e+002
431,8.292142e+002
432,8.270516e+002
433,8.248973e+002
434,8.227515e+002
435,8.206139e+002
436,8.184846e+002
437,8.163637e+002
438,8.142509e+002
439,8.121463e+002
440,8.100499e+002
441,8.079617e+002
442,8.058815e+002
443,8.038094e+002
444,8.017454e+002
445,7.996894e+002
446,7.976413e+002
447,7.956012e+002
448,7.935690e+002
449,7.915447e+002
450,7.895282e+002
451,7.875196e+002
452,7.855187e+002
453,7.835256e+002
454,7.815403e+002
455,7.795626e+002
456,7.775925e+002
457,7.756301e+002
458,7.736753e+002
459,7.717281e+002
460,7.697884e+002
461,7.678562e+002
462,7.659314e+002
463,7.640142e+002
464,7.621043e+002
465,7.602018e+002
466,7.583066e+002
467,7.564188e+002
468,7.545382e+002
469,7.526649e+002
470,7.507988e+002
471,7.489399e+002
472,7.470882e+002
473,7.452436e+002
474,7.434061e+002
475,7.415757e+002
476,7.397523e+002
477,7.379360e+002
478,7.361266e+002
479,7.343241e+002
480,7.325286e+002
481,7.307400e+002
482,7.289582e+002
483,7.271833e+002
484,7.254151e+002
485,7.236538e+002
486,7.218992e+002
487,7.201512e+002
488,7.184100e+002
489,7.166754e+002
490,7.149475e+002
491,7.132261e+002
492,7.115113e+002
493,7.098031e+002
494,7.081014e+002
495,7.064061e+002
496,7.047173e+002
497,7.030349e+002
498,7.013589e+002
499,6.996893e+002
500,6.980260e+002
501,6.963690e+002
502,6.947184e+002
503,6.930739e+002
504,6.914357e+002
505,6.898037e+002
506,6.881779e+002
507,6.865582e+002
508,6.849446e+002
509,6.833372e+002
510,6.817357e+002
511,6.801404e+002
512,6.785510e+002
513,6.769676e+002
514,6.753902e+002
515,6.738187e+002
516,6.722531e+002
517,6.706933e+002
518,6.691395e+002
519,6.675914e+002
520,6.660492e+002
521,6.645127e+002
522,6.629820e+002
523,6.614570e+002
524,6.599376e+002
525,6.584240e+002
526,6.569160e+002
527,6.554136e+002
528,6.539168e+002
529,6.524256e+002
530,6.509399e+002
531,6.494597e+002
532,6.479851e+002
533,6.465159e+002
534,6.450521e+002
535,6.435938e+002
536,6.421408e+002
537,6.406933e+002
538,6.392510e+002
539,6.378141e+002
540,6.363825e+002
541,6.349562e+002
542,6.335351e+002
543,6.321193e+002
544,6.307086e+002
545,6.293032e+002
546,6.279029e+002
547,6.265077e+002
548,6.251176e+002
549,6.237327e+002
550,6.223528e+002
551,6.209779e+002
552,6.196080e+002
553,6.182432e+002
554,6.168833e+002
555,6.155284e+002
556,6.141784e+002
557,6.128333e+002
558,6.114931e+002
559,6.101578e+002
560,6.088273e+002
561,6.075016e+002
562,6.061808e+002
563,6.048647e+002
564,6.035533e+002
565,6.022467e+002
566,6.009448e+002
567,5.996476e+002
568,5.983551e+002
569,5.970672e+002
570,5.957840e+002
571,5.945053e+002
572,5.932313e+002
573,5.919618e+002
574,5.906968e+002
575,5.894364e+002
576,5.881805e+002
577,5.869291e+002
578,5.856821e+002
579,5.844396e+002
580,5.832015e+002
581,5.819678e+002
582,5.807385e+002
583,5.795136e+002
584,5.782930e+002
585,5.770767e+002
586,5.758648e+002
587,5.746571e+002
588,5.734537e+002
589,5.722546e+002
590,5.710597e+002
591,5.698690e+002
592,5.686825e+002
593,5.675001e+002
594,5.663220e+002
595,5.651479e+002
596,5.639780e+002
597,5.628122e+002
598,5.616505e+002
599,5.604928e+002
600,5.593392e+002
601,5.581896e+002
602,5.570440e+002
603,5.559025e+002
604,5.547649e+002
605,5.536312e+002
606,5.525015e+002
607,5.513757e+002
608,5.502538e+002
609,5.491358e+002
610,5.480217e+002
611,5.469115e+002
612,5.458050e+002
613,5.447024e+002
614,5.436036e+002
615,5.425086e+002
616,5.414174e+002
617,5.403299e+002
618,5.392461e+002
619,5.381661e+002
620,5.370897e+002
621,5.360171e+002
622,5.349481e+002
623,5.338828e+002
624,5.328211e+002
625,5.317631e+002
626,5.307086e+002
627,5.296577e+002
628,5.286105e+002
629,5.275667e+002
630,5.265266e+002
631,5.254899e+002
632,5.244568e+002
633,5.234272e+002
634,5.224010e+002
635,5.213783e+002
636,5.203591e+002
637,5.193433e+002
638,5.183309e+002
639,5.173220e+002
640,5.163164e+002
641,5.153142e+002
642,5.143154e+002
643,5.133199e+002
644,5.123278e+002
645,5.113390e+002
646,5.103534e+002
647,5.093712e+002
648,5.083923e+002
649,5.074166e+002
650,5.064442e+002
651,5.054750e+002
652,5.045090e+002
653,5.035462e+002
654,5.025866e+002
655,5.016302e+002
656,5.006770e+002
657,4.997269e+002
658,4.987800e+002
659,4.978362e+002
660,4.968955e+002
661,4.959579e+002
662,4.950234e+002
663,4.940919e+002
664,4.931635e+002
665,4.922382e+002
666,4.913159e+002
667,4.903966e+002
668,4.894803e+002
669,4.885670e+002
670,4.876567e+002
671,4.867494e+002
672,4.858450e+002
673,4.849436e+002
674,4.840451e+002
675,4.831495e+002
676,4.822568e+002
677,4.813670e+002
678,4.804801e+002
679,4.795961e+002
680,4.787149e+002
681,4.778366e+002
682,4.769611e+002
683,4.760884e+002
684,4.752186e+002
685,4.743515e+002
686,4.734872e+002
687,4.726257e+002
688,4.717670e+002
689,4.709110e+002
690,4.700577e+002
691,4.692072e+002
692,4.683594e+002
693,4.675143e+002
694,4.666719e+002
695,4.658321e+002
696,4.649951e+002
697,4.641607e+002
698,4.633289e+002
699,4.624998e+002
700,4.616734e+002
701,4.608495e+002
702,4.600282e+002
703,4.592096e+002
704,4.583935e+002
705,4.575800e+002
706,4.567690e+002
707,4.559606e+002
708,4.551548e+002
709,4.543515e+002
710,4.535506e+002
711,4.527524e+002
712,4.519566e+002
713,4.511633e+002
714,4.503724e+002
715,4.495841e+002
716,4.487982e+002
717,4.480147e+002
718,4.472337e+002
719,4.464551e+002
720,4.456790e+002
721,4.449052e+002
722,4.441338e+002
723,4.433649e+002
724,4.425983e+002
725,4.418341e+002
726,4.410722e+002
727,4.403127e+002
728,4.395555e+002
729,4.388007e+002
730,4.380481e+002
731,4.372979e+002
732,4.365500e+002
733,4.358044e+002
734,4.350611e+002
735,4.343200e+002
736,4.335812e+002
737,4.328447e+002
738,4.321104e+002
739,4.313784e+002
740,4.306486e+002
741,4.299210e+002
742,4.291956e+002
743,4.284724e+002
744,4.277514e+002
745,4.270326e+002
746,4.263160e+002
747,4.256015e+002
748,4.248892e+002
749,4.241790e+002
750,4.234710e+002
751,4.227651e+002
752,4.220614e+002
753,4.213597e+002
754,4.206602e+002
755,4.199628e+002
756,4.192674e+002
757,4.185742e+002
758,4.178830e+002
759,4.171939e+002
760,4.165068e+002
761,4.158218e+002
762,4.151388e+002
763,4.144578e+002
764,4.137789e+002
765,4.131020e+002
766,4.124271e+002
767,4.117542e+002
768,4.110833e+002
769,4.104144e+002
770,4.097475e+002
771,4.090825e+002
772,4.084195e+002
773,4.077585e+002
774,4.070994e+002
775,4.064422e+002
776,4.057870e+002
777,4.051337e+002
778,4.044823e+002
779,4.038328e+002
780,4.031852e+002
781,4.025395e+002
782,4.018957e+002
783,4.012538e+002
784,4.006137e+002
785,3.999755e+002
786,3.993392e+002
787,3.987047e+002
788,3.980721e+002
789,3.974413e+002
790,3.968123e+002
791,3.961852e+002
792,3.955598e+002
793,3.949363e+002
794,3.943146e+002
795,3.936947e+002
796,3.930765e+002
797,3.924601e+002
798,3.918455e+002
799,3.912327e+002
800,3.906217e+002
801,3.900123e+002
802,3.894048e+002
803,3.887989e+002
804,3.881948e+002
805,3.875925e+002
806,3.869918e+002
807,3.863929e+002
808,3.857956e+002
809,3.852001e+002
810,3.846063e+002
811,3.840141e+002
812,3.834237e+002
813,3.828349e+002
814,3.822477e+002
815,3.816623e+002
816,3.810784e+002
817,3.804963e+002
818,3.799158e+002
819,3.793369e+002
820,3.787596e+002
821,3.781840e+002
822,3.776100e+002
823,3.770376e+002
824,3.764668e+002
825,3.758976e+002
826,3.753300e+002
827,3.747640e+002
828,3.741996e+002
829,3.736367e+002
830,3.730754e+002
831,3.725157e+002
832,3.719575e+002
833,3.714009e+002
834,3.708459e+002
835,3.702923e+002
836,3.697404e+002
837,3.691899e+002
838,3.686410e+002
839,3.680936e+002
840,3.675477e+002
841,3.670033e+002
842,3.664604e+002
843,3.659190e+002
844,3.653791e+002
845,3.648407e+002
846,3.643037e+002
847,3.637682e+002
848,3.632342e+002
849,3.627017e+002
850,3.621706e+002
851,3.616410e+002
852,3.611128e+002
853,3.605861e+002
854,3.600608e+002
855,3.595369e+002
856,3.590145e+002
857,3.584934e+002
858,3.579738e+002
859,3.574556e+002
860,3.569389e+002
861,3.564235e+002
862,3.559095e+002
863,3.553969e+002
864,3.548856e+002
865,3.543758e+002
866,3.538673e+002
867,3.533602e+002
868,3.528545e+002
869,3.523501e+002
870,3.518471e+002
871,3.513454e+002
872,3.508451e+002
873,3.503461e+002
874,3.498485e+002
875,3.493522e+002
876,3.488572e+002
877,3.483635e+002
878,3.478711e+002
879,3.473801e+002
880,3.468904e+002
881,3.464019e+002
882,3.459148e+002
883,3.454290e+002
884,3.449444e+002
885,3.444611e+002
886,3.439792e+002
887,3.434984e+002
888,3.430190e+002
889,3.425408e+002
890,3.420639e+002
891,3.415882e+002
892,3.411138e+002
893,3.406407e+002
894,3.401687e+002
895,3.396981e+002
896,3.392286e+002
897,3.387604e+002
898,3.382934e+002
899,3.378276e+002
900,3.373631e+002
901,3.368998e+002
902,3.364376e+002
903,3.359767e+002
904,3.355170e+002
905,3.350584e+002
906,3.346011e+002
907,3.341450e+002
908,3.336900e+002
909,3.332362e+002
910,3.327836e+002
911,3.323322e+002
912,3.318819e+002
913,3.314328e+002
914,3.309848e+002
915,3.305380e+002
916,3.300924e+002
917,3.296479e+002
918,3.292045e+002
919,3.287623e+002
920,3.283212e+002
921,3.278813e+002
922,3.274424e+002
923,3.270047e+002
924,3.265681e+002
925,3.261327e+002
926,3.256983e+002
927,3.252651e+002
928,3.248329e+002
929,3.244019e+002
930,3.239719e+002
931,3.235431e+002
932,3.231153e+002
933,3.226886e+002
934,3.222630e+002
935,3.218385e+002
936,3.214151e+002
937,3.209927e+002
938,3.205714e+002
939,3.201511e+002
940,3.197319e+002
941,3.193138e+002
942,3.188967e+002
943,3.184807e+002
944,3.180657e+002
945,3.176517e+002
946,3.172388e+002
947,3.168269e+002
948,3.164161e+002
949,3.160063e+002
950,3.155975e+002
951,3.151897e+002
952,3.147830e+002
953,3.143772e+002
954,3.139725e+002
955,3.135688e+002
956,3.131660e+002
957,3.127643e+002
958,3.123636e+002
959,3.119639e+002
960,3.115651e+002
961,3.111674e+002
962,3.107706e+002
963,3.103748e+002
964,3.099800e+002
965,3.095861e+002
966,3.091933e+002
967,3.088014e+002
968,3.084104e+002
969,3.080204e+002
970,3.076314e+002
971,3.072433e+002
972,3.068562e+002
973,3.064701e+002
974,3.060848e+002
975,3.057005e+002
976,3.053172e+002
977,3.049348e+002
978,3.045533e+002
979,3.041728e+002
980,3.037931e+002
981,3.034144e+002
982,3.030367e+002
983,3.026598e+002
984,3.022839e+002
985,3.019088e+002
986,3.015347e+002
987,3.011615e+002
988,3.007891e+002
989,3.004177e+002
990,3.000472e+002
991,2.996776e+002
992,2.993088e+002
993,2.989410e+002
994,2.985740e+002
995,2.982079e+002
996,2.978427e+002
997,2.974784e+002
998,2.971149e+002
999,2.967523e+002
