1,0.000000e+000,-1.217086e+005,-1.217086e+005
2,4.095085e-002,-1.217086e+005,-1.217086e+005
3,1.638035e-001,-1.217087e+005,-1.217086e+005
4,3.685587e-001,-1.217089e+005,-1.217086e+005
5,6.552175e-001,-1.217092e+005,-1.217086e+005
6,1.023782e+000,-1.217096e+005,-1.217086e+005
7,1.474253e+000,-1.217101e+005,-1.217086e+005
8,2.006636e+000,-1.217106e+005,-1.217086e+005
9,2.620932e+000,-1.217112e+005,-1.217086e+005
10,3.317146e+000,-1.217119e+005,-1.217086e+005
11,4.095283e+000,-1.217127e+005,-1.217086e+005
12,4.955347e+000,-1.217135e+005,-1.217086e+005
13,5.897345e+000,-1.217145e+005,-1.217086e+005
14,6.921281e+000,-1.217155e+005,-1.217086e+005
15,8.027164e+000,-1.217166e+005,-1.217086e+005
16,9.215001e+000,-1.217178e+005,-1.217086e+005
17,1.048480e+001,-1.217191e+005,-1.217086e+005
18,1.183657e+001,-1.217204e+005,-1.217086e+005
19,1.327031e+001,-1.217219e+005,-1.217086e+005
20,1.478605e+001,-1.217234e+005,-1.217086e+005
21,1.638378e+001,-1.217250e+005,-1.217086e+005
22,1.806352e+001,-1.217266e+005,-1.217086e+005
23,1.982528e+001,-1.217284e+005,-1.217086e+005
24,2.166908e+001,-1.217302e+005,-1.217086e+005
25,2.359491e+001,-1.217322e+005,-1.217086e+005
26,2.560281e+001,-1.217342e+005,-1.217086e+005
27,2.769277e+001,-1.217363e+005,-1.217086e+005
28,2.986482e+001,-1.217384e+005,-1.217086e+005
29,3.211897e+001,-1.217407e+005,-1.217086e+005
30,3.445524e+001,-1.217430e+005,-1.217086e+005
31,3.687363e+001,-1.217455e+005,-1.217086e+005
32,3.937417e+001,-1.217480e+005,-1.217086e+005
33,4.195687e+001,-1.217505e+005,-1.217086e+005
34,4.462176e+001,-1.217532e+005,-1.217086e+005
35,4.736884e+001,-1.217559e+005,-1.217086e+005
36,5.019814e+001,-1.217588e+005,-1.217086e+005
37,5.310967e+001,-1.217617e+005,-1.217086e+005
38,5.610346e+001,-1.217647e+005,-1.217086e+005
39,5.917952e+001,-1.217678e+005,-1.217086e+005
40,6.233788e+001,-1.217709e+005,-1.217086e+005
41,6.557856e+001,-1.217742e+005,-1.217086e+005
42,6.890158e+001,-1.217775e+005,-1.217086e+005
43,7.230695e+001,-1.217809e+005,-1.217086e+005
44,7.579472e+001,-1.217844e+005,-1.217086e+005
45,7.936489e+001,-1.217879e+005,-1.217086e+005
46,8.301749e+001,-1.217916e+005,-1.217086e+005
47,8.675255e+001,-1.217953e+005,-1.217086e+005
48,9.057009e+001,-1.217992e+005,-1.217086e+005
49,9.447013e+001,-1.218031e+005,-1.217086e+005
50,9.845271e+001,-1.218070e+005,-1.217086e+005
51,1.025179e+002,-1.218111e+005,-1.217086e+005
52,1.066656e+002,-1.218152e+005,-1.217086e+005
53,1.108959e+002,-1.218195e+005,-1.217086e+005
54,1.152089e+002,-1.218238e+005,-1.217086e+005
55,1.196046e+002,-1.218282e+005,-1.217086e+005
56,1.240829e+002,-1.218327e+005,-1.217086e+005
57,1.286440e+002,-1.218372e+005,-1.217086e+005
58,1.332879e+002,-1.218419e+005,-1.217086e+005
59,1.380146e+002,-1.218466e+005,-1.217086e+005
60,1.428240e+002,-1.218514e+005,-1.217086e+005
61,1.477164e+002,-1.218563e+005,-1.217086e+005
62,1.526916e+002,-1.218613e+005,-1.217086e+005
63,1.577498e+002,-1.218663e+005,-1.217086e+005
64,1.628909e+002,-1.218715e+005,-1.217086e+005
65,1.681150e+002,-1.218767e+005,-1.217086e+005
66,1.734222e+002,-1.218820e+005,-1.217086e+005
67,1.788124e+002,-1.218874e+005,-1.217086e+005
68,1.842857e+002,-1.218929e+005,-1.217086e+005
69,1.898421e+002,-1.218984e+005,-1.217086e+005
70,1.954817e+002,-1.219041e+005,-1.217086e+005
71,2.012046e+002,-1.219098e+005,-1.217086e+005
72,2.070107e+002,-1.219156e+005,-1.217086e+005
73,2.129001e+002,-1.219215e+005,-1.217086e+005
74,2.188728e+002,-1.219275e+005,-1.217086e+005
75,2.249289e+002,-1.219335e+005,-1.217086e+005
76,2.310684e+002,-1.219397e+005,-1.217086e+005
77,2.372913e+002,-1.219459e+005,-1.217086e+005
78,2.435978e+002,-1.219522e+005,-1.217086e+005
79,2.499877e+002,-1.219586e+005,-1.217086e+005
80,2.564613e+002,-1.219651e+005,-1.217086e+005
81,2.630185e+002,-1.219716e+005,-1.217086e+005
82,2.696593e+002,-1.219783e+005,-1.217086e+005
83,2.763839e+002,-1.219850e+005,-1.217086e+005
84,2.831922e+002,-1.219918e+005,-1.217086e+005
85,2.900844e+002,-1.219987e+005,-1.217086e+005
86,2.970604e+002,-1.220057e+005,-1.217086e+005
87,3.041202e+002,-1.220127e+005,-1.217086e+005
88,3.112641e+002,-1.220199e+005,-1.217086e+005
89,3.184919e+002,-1.220271e+005,-1.217086e+005
90,3.258037e+002,-1.220344e+005,-1.217086e+005
91,3.331997e+002,-1.220418e+005,-1.217086e+005
92,3.406798e+002,-1.220493e+005,-1.217086e+005
93,3.482441e+002,-1.220568e+005,-1.217086e+005
94,3.558926e+002,-1.220645e+005,-1.217086e+005
95,3.636254e+002,-1.220722e+005,-1.217086e+005
96,3.714426e+002,-1.220800e+005,-1.217086e+005
97,3.793441e+002,-1.220879e+005,-1.217086e+005
98,3.873301e+002,-1.220959e+005,-1.217086e+005
99,3.954007e+002,-1.221040e+005,-1.217086e+005
100,4.035557e+002,-1.221122e+005,-1.217086e+005
101,4.117954e+002,-1.221204e+005,-1.217086e+005
102,4.201198e+002,-1.221287e+005,-1.217086e+005
103,4.285288e+002,-1.221371e+005,-1.217086e+005
104,4.370227e+002,-1.221456e+005,-1.217086e+005
105,4.456014e+002,-1.221542e+005,-1.217086e+005
106,4.542650e+002,-1.221629e+005,-1.217086e+005
107,4.630135e+002,-1.221716e+005,-1.217086e+005
108,4.718471e+002,-1.221805e+005,-1.217086e+005
109,4.807657e+002,-1.221894e+005,-1.217086e+005
110,4.897694e+002,-1.221984e+005,-1.217086e+005
111,4.988584e+002,-1.222075e+005,-1.217086e+005
112,5.080326e+002,-1.222166e+005,-1.217086e+005
113,5.172921e+002,-1.222259e+005,-1.217086e+005
114,5.266370e+002,-1.222353e+005,-1.217086e+005
115,5.360673e+002,-1.222447e+005,-1.217086e+005
116,5.455831e+002,-1.222542e+005,-1.217086e+005
117,5.551845e+002,-1.222638e+005,-1.217086e+005
118,5.648715e+002,-1.222735e+005,-1.217086e+005
119,5.746442e+002,-1.222833e+005,-1.217086e+005
120,5.845027e+002,-1.222931e+005,-1.217086e+005
121,5.944469e+002,-1.223031e+005,-1.217086e+005
122,6.044771e+002,-1.223131e+005,-1.217086e+005
123,6.145932e+002,-1.223232e+005,-1.217086e+005
124,6.247954e+002,-1.223334e+005,-1.217086e+005
125,6.350837e+002,-1.223437e+005,-1.217086e+005
126,6.454581e+002,-1.223541e+005,-1.217086e+005
127,6.559187e+002,-1.223645e+005,-1.217086e+005
128,6.664657e+002,-1.223751e+005,-1.217086e+005
129,6.770990e+002,-1.223857e+005,-1.217086e+005
130,6.878187e+002,-1.223964e+005,-1.217086e+005
131,6.986250e+002,-1.224073e+005,-1.217086e+005
132,7.095179e+002,-1.224182e+005,-1.217086e+005
133,7.204974e+002,-1.224291e+005,-1.217086e+005
134,7.315636e+002,-1.224402e+005,-1.217086e+005
135,7.427166e+002,-1.224514e+005,-1.217086e+005
136,7.539566e+002,-1.224626e+005,-1.217086e+005
137,7.652834e+002,-1.224739e+005,-1.217086e+005
138,7.766973e+002,-1.224853e+005,-1.217086e+005
139,7.881984e+002,-1.224968e+005,-1.217086e+005
140,7.997865e+002,-1.225084e+005,-1.217086e+005
141,8.114620e+002,-1.225201e+005,-1.217086e+005
142,8.232248e+002,-1.225319e+005,-1.217086e+005
143,8.350750e+002,-1.225437e+005,-1.217086e+005
144,8.470126e+002,-1.225557e+005,-1.217086e+005
145,8.590379e+002,-1.225677e+005,-1.217086e+005
146,8.711508e+002,-1.225798e+005,-1.217087e+005
147,8.833514e+002,-1.225920e+005,-1.217087e+005
148,8.956399e+002,-1.226043e+005,-1.217087e+005
149,9.080162e+002,-1.226167e+005,-1.217087e+005
150,9.204805e+002,-1.226291e+005,-1.217087e+005
151,9.330329e+002,-1.226417e+005,-1.217087e+005
152,9.456734e+002,-1.226543e+005,-1.217087e+005
153,9.584021e+002,-1.226671e+005,-1.217087e+005
154,9.712191e+002,-1.226799e+005,-1.217087e+005
155,9.841245e+002,-1.226928e+005,-1.217087e+005
156,9.971184e+002,-1.227058e+005,-1.217087e+005
157,1.010201e+003,-1.227189e+005,-1.217087e+005
158,1.023372e+003,-1.227320e+005,-1.217087e+005
159,1.036632e+003,-1.227453e+005,-1.217087e+005
160,1.049980e+003,-1.227587e+005,-1.217087e+005
161,1.063418e+003,-1.227721e+005,-1.217087e+005
162,1.076945e+003,-1.227856e+005,-1.217087e+005
163,1.090560e+003,-1.227992e+005,-1.217087e+005
164,1.104265e+003,-1.228129e+005,-1.217087e+005
165,1.118059e+003,-1.228267e+005,-1.217087e+005
166,1.131943e+003,-1.228406e+005,-1.217087e+005
167,1.145916e+003,-1.228546e+005,-1.217087e+005
168,1.159978e+003,-1.228687e+005,-1.217087e+005
169,1.174130e+003,-1.228828e+005,-1.217087e+005
170,1.188372e+003,-1.228971e+005,-1.217087e+005
171,1.202703e+003,-1.229114e+005,-1.217087e+005
172,1.217125e+003,-1.229258e+005,-1.217087e+005
173,1.231636e+003,-1.229403e+005,-1.217087e+005
174,1.246238e+003,-1.229549e+005,-1.217087e+005
175,1.260930e+003,-1.229696e+005,-1.217087e+005
176,1.275712e+003,-1.229844e+005,-1.217087e+005
177,1.290584e+003,-1.229993e+005,-1.217087e+005
178,1.305547e+003,-1.230143e+005,-1.217087e+005
179,1.320601e+003,-1.230293e+005,-1.217087e+005
180,1.335745e+003,-1.230445e+005,-1.217087e+005
181,1.350980e+003,-1.230597e+005,-1.217087e+005
182,1.366306e+003,-1.230750e+005,-1.217087e+005
183,1.381723e+003,-1.230904e+005,-1.217087e+005
184,1.397231e+003,-1.231060e+005,-1.217087e+005
185,1.412830e+003,-1.231216e+005,-1.217087e+005
186,1.428520e+003,-1.231372e+005,-1.217087e+005
187,1.444302e+003,-1.231530e+005,-1.217087e+005
188,1.460175e+003,-1.231689e+005,-1.217087e+005
189,1.476140e+003,-1.231849e+005,-1.217087e+005
190,1.492197e+003,-1.232009e+005,-1.217087e+005
191,1.508345e+003,-1.232171e+005,-1.217087e+005
192,1.524585e+003,-1.232333e+005,-1.217087e+005
193,1.540917e+003,-1.232497e+005,-1.217087e+005
194,1.557342e+003,-1.232661e+005,-1.217087e+005
195,1.573858e+003,-1.232826e+005,-1.217087e+005
196,1.590467e+003,-1.232992e+005,-1.217088e+005
197,1.607168e+003,-1.233159e+005,-1.217088e+005
198,1.623962e+003,-1.233327e+005,-1.217088e+005
199,1.640848e+003,-1.233496e+005,-1.217088e+005
200,1.657827e+003,-1.233666e+005,-1.217088e+005
201,1.674899e+003,-1.233837e+005,-1.217088e+005
202,1.692064e+003,-1.234008e+005,-1.217088e+005
203,1.709322e+003,-1.234181e+005,-1.217088e+005
204,1.726674e+003,-1.234354e+005,-1.217088e+005
205,1.744118e+003,-1.234529e+005,-1.217088e+005
206,1.761656e+003,-1.234704e+005,-1.217088e+005
207,1.779287e+003,-1.234881e+005,-1.217088e+005
208,1.797012e+003,-1.235058e+005,-1.217088e+005
209,1.814831e+003,-1.235236e+005,-1.217088e+005
210,1.832744e+003,-1.235415e+005,-1.217088e+005
211,1.850750e+003,-1.235595e+005,-1.217088e+005
212,1.868851e+003,-1.235776e+005,-1.217088e+005
213,1.887046e+003,-1.235958e+005,-1.217088e+005
214,1.905335e+003,-1.236141e+005,-1.217088e+005
215,1.923719e+003,-1.236325e+005,-1.217088e+005
216,1.942197e+003,-1.236510e+005,-1.217088e+005
217,1.960770e+003,-1.236696e+005,-1.217088e+005
218,1.979437e+003,-1.236883e+005,-1.217088e+005
219,1.998200e+003,-1.237070e+005,-1.217088e+005
220,2.017057e+003,-1.237259e+005,-1.217088e+005
221,2.036010e+003,-1.237448e+005,-1.217088e+005
222,2.055057e+003,-1.237639e+005,-1.217088e+005
223,2.074200e+003,-1.237830e+005,-1.217088e+005
224,2.093439e+003,-1.238023e+005,-1.217088e+005
225,2.112773e+003,-1.238216e+005,-1.217088e+005
226,2.132203e+003,-1.238410e+005,-1.217088e+005
227,2.151729e+003,-1.238606e+005,-1.217088e+005
228,2.171351e+003,-1.238802e+005,-1.217088e+005
229,2.191069e+003,-1.238999e+005,-1.217089e+005
230,2.210883e+003,-1.239197e+005,-1.217089e+005
231,2.230793e+003,-1.239397e+005,-1.217089e+005
232,2.250800e+003,-1.239597e+005,-1.217089e+005
233,2.270904e+003,-1.239798e+005,-1.217089e+005
234,2.291104e+003,-1.240000e+005,-1.217089e+005
235,2.311401e+003,-1.240203e+005,-1.217089e+005
236,2.331794e+003,-1.240407e+005,-1.217089e+005
237,2.352285e+003,-1.240612e+005,-1.217089e+005
238,2.372874e+003,-1.240818e+005,-1.217089e+005
239,2.393559e+003,-1.241024e+005,-1.217089e+005
240,2.414342e+003,-1.241232e+005,-1.217089e+005
241,2.435223e+003,-1.241441e+005,-1.217089e+005
242,2.456201e+003,-1.241651e+005,-1.217089e+005
243,2.477277e+003,-1.241862e+005,-1.217089e+005
244,2.498451e+003,-1.242074e+005,-1.217089e+005
245,2.519723e+003,-1.242286e+005,-1.217089e+005
246,2.541093e+003,-1.242500e+005,-1.217089e+005
247,2.562562e+003,-1.242715e+005,-1.217089e+005
248,2.584129e+003,-1.242931e+005,-1.217089e+005
249,2.605795e+003,-1.243147e+005,-1.217089e+005
250,2.627559e+003,-1.243365e+005,-1.217089e+005
251,2.649423e+003,-1.243584e+005,-1.217089e+005
252,2.671385e+003,-1.243803e+005,-1.217089e+005
253,2.693446e+003,-1.244024e+005,-1.217089e+005
254,2.715607e+003,-1.244246e+005,-1.217089e+005
255,2.737867e+003,-1.244468e+005,-1.217090e+005
256,2.760227e+003,-1.244692e+005,-1.217090e+005
257,2.782686e+003,-1.244916e+005,-1.217090e+005
258,2.805245e+003,-1.245142e+005,-1.217090e+005
259,2.827904e+003,-1.245369e+005,-1.217090e+005
260,2.850663e+003,-1.245596e+005,-1.217090e+005
261,2.873523e+003,-1.245825e+005,-1.217090e+005
262,2.896482e+003,-1.246055e+005,-1.217090e+005
263,2.919542e+003,-1.246285e+005,-1.217090e+005
264,2.942703e+003,-1.246517e+005,-1.217090e+005
265,2.965964e+003,-1.246750e+005,-1.217090e+005
266,2.989326e+003,-1.246983e+005,-1.217090e+005
267,3.012789e+003,-1.247218e+005,-1.217090e+005
268,3.036354e+003,-1.247454e+005,-1.217090e+005
269,3.060019e+003,-1.247690e+005,-1.217090e+005
270,3.083786e+003,-1.247928e+005,-1.217090e+005
271,3.107655e+003,-1.248167e+005,-1.217090e+005
272,3.131625e+003,-1.248407e+005,-1.217090e+005
273,3.155697e+003,-1.248647e+005,-1.217090e+005
274,3.179871e+003,-1.248889e+005,-1.217090e+005
275,3.204147e+003,-1.249132e+005,-1.217090e+005
276,3.228526e+003,-1.249376e+005,-1.217090e+005
277,3.253006e+003,-1.249621e+005,-1.217091e+005
278,3.277589e+003,-1.249866e+005,-1.217091e+005
279,3.302275e+003,-1.250113e+005,-1.217091e+005
280,3.327064e+003,-1.250361e+005,-1.217091e+005
281,3.351956e+003,-1.250610e+005,-1.217091e+005
282,3.376950e+003,-1.250860e+005,-1.217091e+005
283,3.402048e+003,-1.251111e+005,-1.217091e+005
284,3.427249e+003,-1.251363e+005,-1.217091e+005
285,3.452554e+003,-1.251616e+005,-1.217091e+005
286,3.477962e+003,-1.251871e+005,-1.217091e+005
287,3.503474e+003,-1.252126e+005,-1.217091e+005
288,3.529090e+003,-1.252382e+005,-1.217091e+005
289,3.554810e+003,-1.252639e+005,-1.217091e+005
290,3.580634e+003,-1.252898e+005,-1.217091e+005
291,3.606563e+003,-1.253157e+005,-1.217091e+005
292,3.632596e+003,-1.253417e+005,-1.217091e+005
293,3.658733e+003,-1.253679e+005,-1.217091e+005
294,3.684975e+003,-1.253941e+005,-1.217091e+005
295,3.711323e+003,-1.254205e+005,-1.217091e+005
296,3.737775e+003,-1.254469e+005,-1.217092e+005
297,3.764332e+003,-1.254735e+005,-1.217092e+005
298,3.790995e+003,-1.255002e+005,-1.217092e+005
299,3.817763e+003,-1.255269e+005,-1.217092e+005
300,3.844637e+003,-1.255538e+005,-1.217092e+005
301,3.871616e+003,-1.255808e+005,-1.217092e+005
302,3.898702e+003,-1.256079e+005,-1.217092e+005
303,3.925893e+003,-1.256351e+005,-1.217092e+005
304,3.953191e+003,-1.256624e+005,-1.217092e+005
305,3.980595e+003,-1.256898e+005,-1.217092e+005
306,4.008105e+003,-1.257173e+005,-1.217092e+005
307,4.035722e+003,-1.257449e+005,-1.217092e+005
308,4.063446e+003,-1.257727e+005,-1.217092e+005
309,4.091276e+003,-1.258005e+005,-1.217092e+005
310,4.119214e+003,-1.258284e+005,-1.217092e+005
311,4.147259e+003,-1.258565e+005,-1.217092e+005
312,4.175411e+003,-1.258847e+005,-1.217092e+005
313,4.203670e+003,-1.259129e+005,-1.217093e+005
314,4.232037e+003,-1.259413e+005,-1.217093e+005
315,4.260512e+003,-1.259698e+005,-1.217093e+005
316,4.289094e+003,-1.259984e+005,-1.217093e+005
317,4.317785e+003,-1.260271e+005,-1.217093e+005
318,4.346584e+003,-1.260559e+005,-1.217093e+005
319,4.375491e+003,-1.260848e+005,-1.217093e+005
320,4.404507e+003,-1.261138e+005,-1.217093e+005
321,4.433631e+003,-1.261429e+005,-1.217093e+005
322,4.462863e+003,-1.261722e+005,-1.217093e+005
323,4.492205e+003,-1.262015e+005,-1.217093e+005
324,4.521656e+003,-1.262310e+005,-1.217093e+005
325,4.551216e+003,-1.262605e+005,-1.217093e+005
326,4.580885e+003,-1.262902e+005,-1.217093e+005
327,4.610663e+003,-1.263200e+005,-1.217093e+005
328,4.640551e+003,-1.263499e+005,-1.217093e+005
329,4.670549e+003,-1.263799e+005,-1.217094e+005
330,4.700657e+003,-1.264100e+005,-1.217094e+005
331,4.730874e+003,-1.264402e+005,-1.217094e+005
332,4.761202e+003,-1.264706e+005,-1.217094e+005
333,4.791640e+003,-1.265010e+005,-1.217094e+005
334,4.822188e+003,-1.265316e+005,-1.217094e+005
335,4.852847e+003,-1.265622e+005,-1.217094e+005
336,4.883616e+003,-1.265930e+005,-1.217094e+005
337,4.914497e+003,-1.266239e+005,-1.217094e+005
338,4.945488e+003,-1.266549e+005,-1.217094e+005
339,4.976590e+003,-1.266860e+005,-1.217094e+005
340,5.007804e+003,-1.267172e+005,-1.217094e+005
341,5.039128e+003,-1.267486e+005,-1.217094e+005
342,5.070565e+003,-1.267800e+005,-1.217094e+005
343,5.102113e+003,-1.268116e+005,-1.217094e+005
344,5.133772e+003,-1.268432e+005,-1.217095e+005
345,5.165544e+003,-1.268750e+005,-1.217095e+005
346,5.197427e+003,-1.269069e+005,-1.217095e+005
347,5.229423e+003,-1.269389e+005,-1.217095e+005
348,5.261531e+003,-1.269710e+005,-1.217095e+005
349,5.293752e+003,-1.270032e+005,-1.217095e+005
350,5.326084e+003,-1.270356e+005,-1.217095e+005
351,5.358530e+003,-1.270680e+005,-1.217095e+005
352,5.391089e+003,-1.271006e+005,-1.217095e+005
353,5.423760e+003,-1.271333e+005,-1.217095e+005
354,5.456544e+003,-1.271661e+005,-1.217095e+005
355,5.489442e+003,-1.271990e+005,-1.217095e+005
356,5.522453e+003,-1.272320e+005,-1.217095e+005
357,5.555577e+003,-1.272651e+005,-1.217095e+005
358,5.588815e+003,-1.272984e+005,-1.217096e+005
359,5.622167e+003,-1.273317e+005,-1.217096e+005
360,5.655632e+003,-1.273652e+005,-1.217096e+005
361,5.689211e+003,-1.273988e+005,-1.217096e+005
362,5.722905e+003,-1.274325e+005,-1.217096e+005
363,5.756712e+003,-1.274663e+005,-1.217096e+005
364,5.790634e+003,-1.275002e+005,-1.217096e+005
365,5.824671e+003,-1.275343e+005,-1.217096e+005
366,5.858821e+003,-1.275684e+005,-1.217096e+005
367,5.893087e+003,-1.276027e+005,-1.217096e+005
368,5.927467e+003,-1.276371e+005,-1.217096e+005
369,5.961962e+003,-1.276716e+005,-1.217096e+005
370,5.996573e+003,-1.277062e+005,-1.217096e+005
371,6.031298e+003,-1.277409e+005,-1.217096e+005
372,6.066139e+003,-1.277758e+005,-1.217097e+005
373,6.101094e+003,-1.278108e+005,-1.217097e+005
374,6.136166e+003,-1.278458e+005,-1.217097e+005
375,6.171353e+003,-1.278810e+005,-1.217097e+005
376,6.206655e+003,-1.279163e+005,-1.217097e+005
377,6.242074e+003,-1.279518e+005,-1.217097e+005
378,6.277608e+003,-1.279873e+005,-1.217097e+005
379,6.313259e+003,-1.280230e+005,-1.217097e+005
380,6.349025e+003,-1.280587e+005,-1.217097e+005
381,6.384908e+003,-1.280946e+005,-1.217097e+005
382,6.420907e+003,-1.281306e+005,-1.217097e+005
383,6.457022e+003,-1.281668e+005,-1.217097e+005
384,6.493254e+003,-1.282030e+005,-1.217097e+005
385,6.529602e+003,-1.282394e+005,-1.217098e+005
386,6.566068e+003,-1.282758e+005,-1.217098e+005
387,6.602650e+003,-1.283124e+005,-1.217098e+005
388,6.639349e+003,-1.283491e+005,-1.217098e+005
389,6.676165e+003,-1.283859e+005,-1.217098e+005
390,6.713098e+003,-1.284229e+005,-1.217098e+005
391,6.750148e+003,-1.284599e+005,-1.217098e+005
392,6.787315e+003,-1.284971e+005,-1.217098e+005
393,6.824600e+003,-1.285344e+005,-1.217098e+005
394,6.862002e+003,-1.285718e+005,-1.217098e+005
395,6.899522e+003,-1.286093e+005,-1.217098e+005
396,6.937159e+003,-1.286470e+005,-1.217098e+005
397,6.974914e+003,-1.286848e+005,-1.217098e+005
398,7.012787e+003,-1.287226e+005,-1.217098e+005
399,7.050778e+003,-1.287606e+005,-1.217099e+005
400,7.088886e+003,-1.287987e+005,-1.217099e+005
401,7.127112e+003,-1.288370e+005,-1.217099e+005
402,7.165457e+003,-1.288753e+005,-1.217099e+005
403,7.203920e+003,-1.289138e+005,-1.217099e+005
404,7.242500e+003,-1.289524e+005,-1.217099e+005
405,7.281199e+003,-1.289911e+005,-1.217099e+005
406,7.320017e+003,-1.290299e+005,-1.217099e+005
407,7.358953e+003,-1.290689e+005,-1.217099e+005
408,7.398007e+003,-1.291079e+005,-1.217099e+005
409,7.437179e+003,-1.291471e+005,-1.217099e+005
410,7.476471e+003,-1.291864e+005,-1.217099e+005
411,7.515880e+003,-1.292258e+005,-1.217099e+005
412,7.555409e+003,-1.292654e+005,-1.217100e+005
413,7.595056e+003,-1.293050e+005,-1.217100e+005
414,7.634822e+003,-1.293448e+005,-1.217100e+005
415,7.674706e+003,-1.293847e+005,-1.217100e+005
416,7.714710e+003,-1.294247e+005,-1.217100e+005
417,7.754832e+003,-1.294648e+005,-1.217100e+005
418,7.795073e+003,-1.295051e+005,-1.217100e+005
419,7.835433e+003,-1.295454e+005,-1.217100e+005
420,7.875912e+003,-1.295859e+005,-1.217100e+005
421,7.916510e+003,-1.296265e+005,-1.217100e+005
422,7.957228e+003,-1.296673e+005,-1.217100e+005
423,7.998064e+003,-1.297081e+005,-1.217100e+005
424,8.039019e+003,-1.297491e+005,-1.217100e+005
425,8.080093e+003,-1.297901e+005,-1.217100e+005
426,8.121286e+003,-1.298313e+005,-1.217101e+005
427,8.162599e+003,-1.298727e+005,-1.217101e+005
428,8.204030e+003,-1.299141e+005,-1.217101e+005
429,8.245581e+003,-1.299557e+005,-1.217101e+005
430,8.287250e+003,-1.299973e+005,-1.217101e+005
431,8.329039e+003,-1.300391e+005,-1.217101e+005
432,8.370947e+003,-1.300810e+005,-1.217101e+005
433,8.412974e+003,-1.301231e+005,-1.217101e+005
434,8.455120e+003,-1.301652e+005,-1.217101e+005
435,8.497385e+003,-1.302075e+005,-1.217101e+005
436,8.539769e+003,-1.302499e+005,-1.217101e+005
437,8.582273e+003,-1.302924e+005,-1.217101e+005
438,8.624895e+003,-1.303350e+005,-1.217101e+005
439,8.667636e+003,-1.303778e+005,-1.217101e+005
440,8.710496e+003,-1.304206e+005,-1.217101e+005
441,8.753475e+003,-1.304636e+005,-1.217102e+005
442,8.796573e+003,-1.305067e+005,-1.217102e+005
443,8.839790e+003,-1.305500e+005,-1.217102e+005
444,8.883126e+003,-1.305933e+005,-1.217102e+005
445,8.926580e+003,-1.306368e+005,-1.217102e+005
446,8.970153e+003,-1.306803e+005,-1.217102e+005
447,9.013844e+003,-1.307240e+005,-1.217102e+005
448,9.057655e+003,-1.307679e+005,-1.217102e+005
449,9.101583e+003,-1.308118e+005,-1.217102e+005
450,9.145630e+003,-1.308558e+005,-1.217102e+005
451,9.189796e+003,-1.309000e+005,-1.217102e+005
452,9.234079e+003,-1.309443e+005,-1.217102e+005
453,9.278481e+003,-1.309887e+005,-1.217102e+005
454,9.323001e+003,-1.310332e+005,-1.217102e+005
455,9.367639e+003,-1.310779e+005,-1.217102e+005
456,9.412395e+003,-1.311226e+005,-1.217102e+005
457,9.457269e+003,-1.311675e+005,-1.217102e+005
458,9.502260e+003,-1.312125e+005,-1.217103e+005
459,9.547369e+003,-1.312576e+005,-1.217103e+005
460,9.592596e+003,-1.313029e+005,-1.217103e+005
461,9.637940e+003,-1.313482e+005,-1.217103e+005
462,9.683401e+003,-1.313937e+005,-1.217103e+005
463,9.728979e+003,-1.314393e+005,-1.217103e+005
464,9.774674e+003,-1.314850e+005,-1.217103e+005
465,9.820486e+003,-1.315308e+005,-1.217103e+005
466,9.866415e+003,-1.315767e+005,-1.217103e+005
467,9.912460e+003,-1.316228e+005,-1.217103e+005
468,9.958622e+003,-1.316689e+005,-1.217103e+005
469,1.000490e+004,-1.317152e+005,-1.217103e+005
470,1.005129e+004,-1.317616e+005,-1.217103e+005
471,1.009780e+004,-1.318081e+005,-1.217103e+005
472,1.014443e+004,-1.318547e+005,-1.217103e+005
473,1.019117e+004,-1.319015e+005,-1.217103e+005
474,1.023803e+004,-1.319483e+005,-1.217103e+005
475,1.028500e+004,-1.319953e+005,-1.217103e+005
476,1.033208e+004,-1.320424e+005,-1.217103e+005
477,1.037928e+004,-1.320896e+005,-1.217103e+005
478,1.042660e+004,-1.321369e+005,-1.217103e+005
479,1.047403e+004,-1.321844e+005,-1.217103e+005
480,1.052157e+004,-1.322319e+005,-1.217103e+005
481,1.056923e+004,-1.322796e+005,-1.217103e+005
482,1.061700e+004,-1.323273e+005,-1.217103e+005
483,1.066489e+004,-1.323752e+005,-1.217104e+005
484,1.071288e+004,-1.324232e+005,-1.217104e+005
485,1.076099e+004,-1.324713e+005,-1.217104e+005
486,1.080922e+004,-1.325196e+005,-1.217104e+005
487,1.085755e+004,-1.325679e+005,-1.217104e+005
488,1.090600e+004,-1.326164e+005,-1.217104e+005
489,1.095456e+004,-1.326649e+005,-1.217104e+005
490,1.100323e+004,-1.327136e+005,-1.217104e+005
491,1.105201e+004,-1.327624e+005,-1.217104e+005
492,1.110090e+004,-1.328113e+005,-1.217104e+005
493,1.114990e+004,-1.328603e+005,-1.217104e+005
494,1.119902e+004,-1.329094e+005,-1.217104e+005
495,1.124824e+004,-1.329586e+005,-1.217104e+005
496,1.129757e+004,-1.330079e+005,-1.217104e+005
497,1.134701e+004,-1.330574e+005,-1.217104e+005
498,1.139656e+004,-1.331069e+005,-1.217104e+005
499,1.144622e+004,-1.331566e+005,-1.217104e+005
500,1.149599e+004,-1.332064e+005,-1.217104e+005
501,1.154586e+004,-1.332562e+005,-1.217104e+005
502,1.159584e+004,-1.333062e+005,-1.217104e+005
503,1.164593e+004,-1.333563e+005,-1.217104e+005
504,1.169612e+004,-1.334065e+005,-1.217104e+005
505,1.174642e+004,-1.334568e+005,-1.217104e+005
506,1.179683e+004,-1.335072e+005,-1.217104e+005
507,1.184734e+004,-1.335577e+005,-1.217104e+005
508,1.189795e+004,-1.336083e+005,-1.217104e+005
509,1.194867e+004,-1.336590e+005,-1.217104e+005
510,1.199950e+004,-1.337099e+005,-1.217104e+005
511,1.205042e+004,-1.337608e+005,-1.217104e+005
512,1.210145e+004,-1.338118e+005,-1.217104e+005
513,1.215258e+004,-1.338629e+005,-1.217103e+005
514,1.220382e+004,-1.339142e+005,-1.217103e+005
515,1.225515e+004,-1.339655e+005,-1.217103e+005
516,1.230659e+004,-1.340169e+005,-1.217103e+005
517,1.235812e+004,-1.340685e+005,-1.217103e+005
518,1.240976e+004,-1.341201e+005,-1.217103e+005
519,1.246149e+004,-1.341718e+005,-1.217103e+005
520,1.251333e+004,-1.342236e+005,-1.217103e+005
521,1.256526e+004,-1.342756e+005,-1.217103e+005
522,1.261729e+004,-1.343276e+005,-1.217103e+005
523,1.266941e+004,-1.343797e+005,-1.217103e+005
524,1.272163e+004,-1.344319e+005,-1.217103e+005
525,1.277395e+004,-1.344842e+005,-1.217103e+005
526,1.282636e+004,-1.345366e+005,-1.217103e+005
527,1.287887e+004,-1.345891e+005,-1.217103e+005
528,1.293147e+004,-1.346417e+005,-1.217103e+005
529,1.298416e+004,-1.346944e+005,-1.217103e+005
530,1.303695e+004,-1.347472e+005,-1.217103e+005
531,1.308982e+004,-1.348001e+005,-1.217102e+005
532,1.314279e+004,-1.348530e+005,-1.217102e+005
533,1.319585e+004,-1.349061e+005,-1.217102e+005
534,1.324899e+004,-1.349592e+005,-1.217102e+005
535,1.330223e+004,-1.350124e+005,-1.217102e+005
536,1.335555e+004,-1.350658e+005,-1.217102e+005
537,1.340896e+004,-1.351192e+005,-1.217102e+005
538,1.346246e+004,-1.351726e+005,-1.217102e+005
539,1.351604e+004,-1.352262e+005,-1.217102e+005
540,1.356971e+004,-1.352799e+005,-1.217102e+005
541,1.362346e+004,-1.353336e+005,-1.217101e+005
542,1.367730e+004,-1.353874e+005,-1.217101e+005
543,1.373121e+004,-1.354413e+005,-1.217101e+005
544,1.378521e+004,-1.354953e+005,-1.217101e+005
545,1.383929e+004,-1.355494e+005,-1.217101e+005
546,1.389345e+004,-1.356035e+005,-1.217101e+005
547,1.394768e+004,-1.356578e+005,-1.217101e+005
548,1.400200e+004,-1.357121e+005,-1.217101e+005
549,1.405639e+004,-1.357664e+005,-1.217100e+005
550,1.411085e+004,-1.358209e+005,-1.217100e+005
551,1.416540e+004,-1.358754e+005,-1.217100e+005
552,1.422001e+004,-1.359300e+005,-1.217100e+005
553,1.427470e+004,-1.359847e+005,-1.217100e+005
554,1.432946e+004,-1.360394e+005,-1.217100e+005
555,1.438429e+004,-1.360942e+005,-1.217099e+005
556,1.443919e+004,-1.361491e+005,-1.217099e+005
557,1.449416e+004,-1.362041e+005,-1.217099e+005
558,1.454920e+004,-1.362591e+005,-1.217099e+005
559,1.460430e+004,-1.363142e+005,-1.217099e+005
560,1.465947e+004,-1.363693e+005,-1.217098e+005
561,1.471471e+004,-1.364245e+005,-1.217098e+005
562,1.477000e+004,-1.364798e+005,-1.217098e+005
563,1.482536e+004,-1.365351e+005,-1.217098e+005
564,1.488078e+004,-1.365905e+005,-1.217098e+005
565,1.493626e+004,-1.366460e+005,-1.217097e+005
566,1.499180e+004,-1.367015e+005,-1.217097e+005
567,1.504739e+004,-1.367571e+005,-1.217097e+005
568,1.510304e+004,-1.368127e+005,-1.217097e+005
569,1.515875e+004,-1.368684e+005,-1.217096e+005
570,1.521451e+004,-1.369241e+005,-1.217096e+005
571,1.527032e+004,-1.369799e+005,-1.217096e+005
572,1.532618e+004,-1.370357e+005,-1.217096e+005
573,1.538209e+004,-1.370916e+005,-1.217095e+005
574,1.543804e+004,-1.371476e+005,-1.217095e+005
575,1.549405e+004,-1.372035e+005,-1.217095e+005
576,1.555010e+004,-1.372596e+005,-1.217095e+005
577,1.560619e+004,-1.373156e+005,-1.217094e+005
578,1.566233e+004,-1.373717e+005,-1.217094e+005
579,1.571850e+004,-1.374279e+005,-1.217094e+005
580,1.577472e+004,-1.374841e+005,-1.217093e+005
581,1.583097e+004,-1.375403e+005,-1.217093e+005
582,1.588726e+004,-1.375965e+005,-1.217093e+005
583,1.594359e+004,-1.376528e+005,-1.217092e+005
584,1.599994e+004,-1.377092e+005,-1.217092e+005
585,1.605633e+004,-1.377655e+005,-1.217092e+005
586,1.611275e+004,-1.378219e+005,-1.217091e+005
587,1.616920e+004,-1.378783e+005,-1.217091e+005
588,1.622567e+004,-1.379347e+005,-1.217091e+005
589,1.628217e+004,-1.379912e+005,-1.217090e+005
590,1.633869e+004,-1.380477e+005,-1.217090e+005
591,1.639523e+004,-1.381042e+005,-1.217090e+005
592,1.645180e+004,-1.381607e+005,-1.217089e+005
593,1.650838e+004,-1.382172e+005,-1.217089e+005
594,1.656497e+004,-1.382738e+005,-1.217088e+005
595,1.662158e+004,-1.383304e+005,-1.217088e+005
596,1.667821e+004,-1.383870e+005,-1.217087e+005
597,1.673484e+004,-1.384435e+005,-1.217087e+005
598,1.679148e+004,-1.385001e+005,-1.217087e+005
599,1.684813e+004,-1.385567e+005,-1.217086e+005
600,1.690479e+004,-1.386134e+005,-1.217086e+005
601,1.696145e+004,-1.386700e+005,-1.217085e+005
602,1.701810e+004,-1.387266e+005,-1.217085e+005
603,1.707476e+004,-1.387832e+005,-1.217084e+005
604,1.713141e+004,-1.388398e+005,-1.217084e+005
605,1.718806e+004,-1.388964e+005,-1.217083e+005
606,1.724470e+004,-1.389530e+005,-1.217083e+005
607,1.730134e+004,-1.390096e+005,-1.217082e+005
608,1.735796e+004,-1.390661e+005,-1.217082e+005
609,1.741456e+004,-1.391227e+005,-1.217081e+005
610,1.747115e+004,-1.391792e+005,-1.217081e+005
611,1.752772e+004,-1.392357e+005,-1.217080e+005
612,1.758428e+004,-1.392922e+005,-1.217079e+005
613,1.764081e+004,-1.393487e+005,-1.217079e+005
614,1.769731e+004,-1.394051e+005,-1.217078e+005
615,1.775379e+004,-1.394616e+005,-1.217078e+005
616,1.781023e+004,-1.395179e+005,-1.217077e+005
617,1.786665e+004,-1.395743e+005,-1.217076e+005
618,1.792303e+004,-1.396306e+005,-1.217076e+005
619,1.797937e+004,-1.396869e+005,-1.217075e+005
620,1.803568e+004,-1.397431e+005,-1.217075e+005
621,1.809194e+004,-1.397993e+005,-1.217074e+005
622,1.814816e+004,-1.398555e+005,-1.217073e+005
623,1.820433e+004,-1.399116e+005,-1.217073e+005
624,1.826045e+004,-1.399676e+005,-1.217072e+005
625,1.831652e+004,-1.400236e+005,-1.217071e+005
626,1.837253e+004,-1.400796e+005,-1.217070e+005
627,1.842849e+004,-1.401355e+005,-1.217070e+005
628,1.848439e+004,-1.401913e+005,-1.217069e+005
629,1.854022e+004,-1.402470e+005,-1.217068e+005
630,1.859599e+004,-1.403027e+005,-1.217067e+005
631,1.865169e+004,-1.403584e+005,-1.217067e+005
632,1.870732e+004,-1.404139e+005,-1.217066e+005
633,1.876287e+004,-1.404694e+005,-1.217065e+005
634,1.881835e+004,-1.405248e+005,-1.217064e+005
635,1.887375e+004,-1.405801e+005,-1.217063e+005
636,1.892907e+004,-1.406353e+005,-1.217063e+005
637,1.898430e+004,-1.406905e+005,-1.217062e+005
638,1.903944e+004,-1.407455e+005,-1.217061e+005
639,1.909449e+004,-1.408005e+005,-1.217060e+005
640,1.914944e+004,-1.408553e+005,-1.217059e+005
641,1.920430e+004,-1.409101e+005,-1.217058e+005
642,1.925906e+004,-1.409648e+005,-1.217057e+005
643,1.931371e+004,-1.410193e+005,-1.217056e+005
644,1.936825e+004,-1.410738e+005,-1.217055e+005
645,1.942269e+004,-1.411281e+005,-1.217054e+005
646,1.947701e+004,-1.411824e+005,-1.217053e+005
647,1.953121e+004,-1.412365e+005,-1.217052e+005
648,1.958530e+004,-1.412904e+005,-1.217051e+005
649,1.963926e+004,-1.413443e+005,-1.217050e+005
650,1.969309e+004,-1.413980e+005,-1.217049e+005
651,1.974679e+004,-1.414516e+005,-1.217048e+005
652,1.980036e+004,-1.415051e+005,-1.217047e+005
653,1.985380e+004,-1.415584e+005,-1.217046e+005
654,1.990709e+004,-1.416116e+005,-1.217045e+005
655,1.996024e+004,-1.416646e+005,-1.217044e+005
656,2.001324e+004,-1.417175e+005,-1.217043e+005
657,2.006609e+004,-1.417703e+005,-1.217042e+005
658,2.011878e+004,-1.418228e+005,-1.217041e+005
659,2.017132e+004,-1.418753e+005,-1.217039e+005
660,2.022369e+004,-1.419275e+005,-1.217038e+005
661,2.027590e+004,-1.419796e+005,-1.217037e+005
662,2.032794e+004,-1.420315e+005,-1.217036e+005
663,2.037981e+004,-1.420833e+005,-1.217035e+005
664,2.043150e+004,-1.421348e+005,-1.217033e+005
665,2.048301e+004,-1.421862e+005,-1.217032e+005
666,2.053433e+004,-1.422374e+005,-1.217031e+005
667,2.058547e+004,-1.422884e+005,-1.217030e+005
668,2.063641e+004,-1.423392e+005,-1.217028e+005
669,2.068716e+004,-1.423898e+005,-1.217027e+005
670,2.073770e+004,-1.424403e+005,-1.217026e+005
671,2.078805e+004,-1.424905e+005,-1.217024e+005
672,2.083818e+004,-1.425405e+005,-1.217023e+005
673,2.088811e+004,-1.425902e+005,-1.217021e+005
674,2.093781e+004,-1.426398e+005,-1.217020e+005
675,2.098730e+004,-1.426891e+005,-1.217018e+005
676,2.103656e+004,-1.427383e+005,-1.217017e+005
677,2.108560e+004,-1.427871e+005,-1.217016e+005
678,2.113440e+004,-1.428358e+005,-1.217014e+005
679,2.118296e+004,-1.428842e+005,-1.217012e+005
680,2.123129e+004,-1.429324e+005,-1.217011e+005
681,2.127937e+004,-1.429803e+005,-1.217009e+005
682,2.132719e+004,-1.430280e+005,-1.217008e+005
683,2.137477e+004,-1.430754e+005,-1.217006e+005
684,2.142209e+004,-1.431225e+005,-1.217005e+005
685,2.146914e+004,-1.431694e+005,-1.217003e+005
686,2.151593e+004,-1.432161e+005,-1.217001e+005
687,2.156245e+004,-1.432624e+005,-1.217000e+005
688,2.160869e+004,-1.433085e+005,-1.216998e+005
689,2.165465e+004,-1.433543e+005,-1.216996e+005
690,2.170032e+004,-1.433998e+005,-1.216994e+005
691,2.174571e+004,-1.434450e+005,-1.216993e+005
692,2.179081e+004,-1.434899e+005,-1.216991e+005
693,2.183560e+004,-1.435345e+005,-1.216989e+005
694,2.188010e+004,-1.435788e+005,-1.216987e+005
695,2.192428e+004,-1.436228e+005,-1.216985e+005
696,2.196816e+004,-1.436665e+005,-1.216984e+005
697,2.201172e+004,-1.437099e+005,-1.216982e+005
698,2.205496e+004,-1.437529e+005,-1.216980e+005
699,2.209787e+004,-1.437957e+005,-1.216978e+005
700,2.214046e+004,-1.438381e+005,-1.216976e+005
701,2.218271e+004,-1.438801e+005,-1.216974e+005
702,2.222462e+004,-1.439218e+005,-1.216972e+005
703,2.226619e+004,-1.439632e+005,-1.216970e+005
704,2.230740e+004,-1.440042e+005,-1.216968e+005
705,2.234827e+004,-1.440449e+005,-1.216966e+005
706,2.238878e+004,-1.440852e+005,-1.216964e+005
707,2.242892e+004,-1.441251e+005,-1.216962e+005
708,2.246870e+004,-1.441647e+005,-1.216960e+005
709,2.250811e+004,-1.442038e+005,-1.216957e+005
710,2.254714e+004,-1.442427e+005,-1.216955e+005
711,2.258579e+004,-1.442811e+005,-1.216953e+005
712,2.262405e+004,-1.443191e+005,-1.216951e+005
713,2.266192e+004,-1.443568e+005,-1.216948e+005
714,2.269940e+004,-1.443940e+005,-1.216946e+005
715,2.273648e+004,-1.444309e+005,-1.216944e+005
716,2.277315e+004,-1.444673e+005,-1.216942e+005
717,2.280941e+004,-1.445033e+005,-1.216939e+005
718,2.284526e+004,-1.445390e+005,-1.216937e+005
719,2.288069e+004,-1.445741e+005,-1.216935e+005
720,2.291570e+004,-1.446089e+005,-1.216932e+005
721,2.295027e+004,-1.446432e+005,-1.216930e+005
722,2.298442e+004,-1.446771e+005,-1.216927e+005
723,2.301813e+004,-1.447106e+005,-1.216925e+005
724,2.305139e+004,-1.447436e+005,-1.216922e+005
725,2.308421e+004,-1.447762e+005,-1.216920e+005
726,2.311658e+004,-1.448083e+005,-1.216917e+005
727,2.314849e+004,-1.448399e+005,-1.216915e+005
728,2.317994e+004,-1.448711e+005,-1.216912e+005
729,2.321093e+004,-1.449019e+005,-1.216909e+005
730,2.324144e+004,-1.449321e+005,-1.216907e+005
731,2.327149e+004,-1.449619e+005,-1.216904e+005
732,2.330105e+004,-1.449912e+005,-1.216901e+005
733,2.333013e+004,-1.450200e+005,-1.216899e+005
734,2.335872e+004,-1.450483e+005,-1.216896e+005
735,2.338682e+004,-1.450761e+005,-1.216893e+005
736,2.341443e+004,-1.451034e+005,-1.216890e+005
737,2.344153e+004,-1.451303e+005,-1.216887e+005
738,2.346813e+004,-1.451566e+005,-1.216884e+005
739,2.349422e+004,-1.451824e+005,-1.216882e+005
740,2.351980e+004,-1.452077e+005,-1.216879e+005
741,2.354486e+004,-1.452324e+005,-1.216876e+005
742,2.356939e+004,-1.452567e+005,-1.216873e+005
743,2.359341e+004,-1.452804e+005,-1.216870e+005
744,2.361689e+004,-1.453036e+005,-1.216867e+005
745,2.363984e+004,-1.453262e+005,-1.216864e+005
746,2.366225e+004,-1.453483e+005,-1.216861e+005
747,2.368412e+004,-1.453699e+005,-1.216858e+005
748,2.370544e+004,-1.453909e+005,-1.216855e+005
749,2.372622e+004,-1.454114e+005,-1.216851e+005
750,2.374644e+004,-1.454313e+005,-1.216848e+005
751,2.376611e+004,-1.454506e+005,-1.216845e+005
752,2.378522e+004,-1.454694e+005,-1.216842e+005
753,2.380376e+004,-1.454876e+005,-1.216839e+005
754,2.382174e+004,-1.455053e+005,-1.216836e+005
755,2.383915e+004,-1.455224e+005,-1.216832e+005
756,2.385598e+004,-1.455389e+005,-1.216829e+005
757,2.387224e+004,-1.455548e+005,-1.216826e+005
758,2.388792e+004,-1.455702e+005,-1.216822e+005
759,2.390302e+004,-1.455849e+005,-1.216819e+005
760,2.391753e+004,-1.455991e+005,-1.216816e+005
761,2.393145e+004,-1.456127e+005,-1.216812e+005
762,2.394479e+004,-1.456257e+005,-1.216809e+005
763,2.395753e+004,-1.456381e+005,-1.216805e+005
764,2.396967e+004,-1.456499e+005,-1.216802e+005
765,2.398122e+004,-1.456611e+005,-1.216798e+005
766,2.399217e+004,-1.456716e+005,-1.216795e+005
767,2.400251e+004,-1.456816e+005,-1.216791e+005
768,2.401225e+004,-1.456910e+005,-1.216788e+005
769,2.402138e+004,-1.456998e+005,-1.216784e+005
770,2.402991e+004,-1.457080e+005,-1.216781e+005
771,2.403782e+004,-1.457155e+005,-1.216777e+005
772,2.404512e+004,-1.457225e+005,-1.216773e+005
773,2.405181e+004,-1.457288e+005,-1.216770e+005
774,2.405789e+004,-1.457345e+005,-1.216766e+005
775,2.406334e+004,-1.457396e+005,-1.216762e+005
776,2.406819e+004,-1.457440e+005,-1.216759e+005
777,2.407241e+004,-1.457479e+005,-1.216755e+005
778,2.407602e+004,-1.457511e+005,-1.216751e+005
779,2.407901e+004,-1.457537e+005,-1.216747e+005
780,2.408137e+004,-1.457557e+005,-1.216744e+005
781,2.408312e+004,-1.457571e+005,-1.216740e+005
782,2.408425e+004,-1.457578e+005,-1.216736e+005
783,2.408476e+004,-1.457580e+005,-1.216732e+005
784,2.408465e+004,-1.457575e+005,-1.216728e+005
785,2.408391e+004,-1.457564e+005,-1.216724e+005
786,2.408256e+004,-1.457546e+005,-1.216720e+005
787,2.408060e+004,-1.457523e+005,-1.216717e+005
788,2.407801e+004,-1.457493e+005,-1.216713e+005
789,2.407481e+004,-1.457457e+005,-1.216709e+005
790,2.407099e+004,-1.457415e+005,-1.216705e+005
791,2.406656e+004,-1.457366e+005,-1.216701e+005
792,2.406151e+004,-1.457312e+005,-1.216697e+005
793,2.405586e+004,-1.457251e+005,-1.216693e+005
794,2.404959e+004,-1.457185e+005,-1.216689e+005
795,2.404272e+004,-1.457112e+005,-1.216685e+005
796,2.403525e+004,-1.457033e+005,-1.216681e+005
797,2.402717e+004,-1.456949e+005,-1.216677e+005
798,2.401850e+004,-1.456858e+005,-1.216673e+005
799,2.400923e+004,-1.456761e+005,-1.216669e+005
800,2.399937e+004,-1.456658e+005,-1.216665e+005
801,2.398891e+004,-1.456550e+005,-1.216661e+005
802,2.397788e+004,-1.456435e+005,-1.216657e+005
803,2.396626e+004,-1.456315e+005,-1.216653e+005
804,2.395406e+004,-1.456189e+005,-1.216649e+005
805,2.394129e+004,-1.456057e+005,-1.216644e+005
806,2.392795e+004,-1.455920e+005,-1.216640e+005
807,2.391404e+004,-1.455777e+005,-1.216636e+005
808,2.389958e+004,-1.455628e+005,-1.216632e+005
809,2.388456e+004,-1.455474e+005,-1.216628e+005
810,2.386900e+004,-1.455314e+005,-1.216624e+005
811,2.385289e+004,-1.455149e+005,-1.216620e+005
812,2.383624e+004,-1.454978e+005,-1.216616e+005
813,2.381906e+004,-1.454802e+005,-1.216612e+005
814,2.380136e+004,-1.454621e+005,-1.216608e+005
815,2.378314e+004,-1.454435e+005,-1.216604e+005
816,2.376441e+004,-1.454244e+005,-1.216599e+005
817,2.374518e+004,-1.454047e+005,-1.216595e+005
818,2.372545e+004,-1.453846e+005,-1.216591e+005
819,2.370523e+004,-1.453639e+005,-1.216587e+005
820,2.368453e+004,-1.453428e+005,-1.216583e+005
821,2.366336e+004,-1.453213e+005,-1.216579e+005
822,2.364172e+004,-1.452992e+005,-1.216575e+005
823,2.361963e+004,-1.452767e+005,-1.216571e+005
824,2.359710e+004,-1.452538e+005,-1.216567e+005
825,2.357412e+004,-1.452304e+005,-1.216563e+005
826,2.355072e+004,-1.452066e+005,-1.216559e+005
827,2.352690e+004,-1.451824e+005,-1.216555e+005
828,2.350267e+004,-1.451577e+005,-1.216551e+005
829,2.347805e+004,-1.451327e+005,-1.216547e+005
830,2.345304e+004,-1.451073e+005,-1.216543e+005
831,2.342765e+004,-1.450815e+005,-1.216539e+005
832,2.340190e+004,-1.450554e+005,-1.216535e+005
833,2.337579e+004,-1.450289e+005,-1.216531e+005
834,2.334935e+004,-1.450020e+005,-1.216527e+005
835,2.332257e+004,-1.449749e+005,-1.216523e+005
836,2.329548e+004,-1.449474e+005,-1.216519e+005
837,2.326807e+004,-1.449196e+005,-1.216515e+005
838,2.324038e+004,-1.448915e+005,-1.216511e+005
839,2.321241e+004,-1.448632e+005,-1.216508e+005
840,2.318417e+004,-1.448345e+005,-1.216504e+005
841,2.315568e+004,-1.448057e+005,-1.216500e+005
842,2.312695e+004,-1.447766e+005,-1.216496e+005
843,2.309799e+004,-1.447472e+005,-1.216492e+005
844,2.306883e+004,-1.447177e+005,-1.216489e+005
845,2.303946e+004,-1.446880e+005,-1.216485e+005
846,2.300992e+004,-1.446580e+005,-1.216481e+005
847,2.298021e+004,-1.446280e+005,-1.216478e+005
848,2.295034e+004,-1.445977e+005,-1.216474e+005
849,2.292035e+004,-1.445674e+005,-1.216470e+005
850,2.289023e+004,-1.445369e+005,-1.216467e+005
851,2.286000e+004,-1.445063e+005,-1.216463e+005
852,2.282969e+004,-1.444757e+005,-1.216460e+005
853,2.279931e+004,-1.444449e+005,-1.216456e+005
854,2.276888e+004,-1.444142e+005,-1.216453e+005
855,2.273840e+004,-1.443833e+005,-1.216449e+005
856,2.270791e+004,-1.443525e+005,-1.216446e+005
857,2.267741e+004,-1.443217e+005,-1.216443e+005
858,2.264692e+004,-1.442909e+005,-1.216439e+005
859,2.261647e+004,-1.442601e+005,-1.216436e+005
860,2.258607e+004,-1.442294e+005,-1.216433e+005
861,2.255574e+004,-1.441987e+005,-1.216430e+005
862,2.252549e+004,-1.441681e+005,-1.216426e+005
863,2.249535e+004,-1.441377e+005,-1.216423e+005
864,2.246533e+004,-1.441074e+005,-1.216420e+005
865,2.243545e+004,-1.440772e+005,-1.216417e+005
866,2.240574e+004,-1.440472e+005,-1.216414e+005
867,2.237620e+004,-1.440173e+005,-1.216411e+005
868,2.234687e+004,-1.439877e+005,-1.216408e+005
869,2.231775e+004,-1.439583e+005,-1.216405e+005
870,2.228888e+004,-1.439291e+005,-1.216402e+005
871,2.226026e+004,-1.439002e+005,-1.216400e+005
872,2.223193e+004,-1.438716e+005,-1.216397e+005
873,2.220389e+004,-1.438433e+005,-1.216394e+005
874,2.217617e+004,-1.438153e+005,-1.216391e+005
875,2.214879e+004,-1.437877e+005,-1.216389e+005
876,2.212177e+004,-1.437604e+005,-1.216386e+005
877,2.209513e+004,-1.437335e+005,-1.216384e+005
878,2.206890e+004,-1.437070e+005,-1.216381e+005
879,2.204308e+004,-1.436809e+005,-1.216379e+005
880,2.201771e+004,-1.436553e+005,-1.216376e+005
881,2.199279e+004,-1.436302e+005,-1.216374e+005
882,2.196836e+004,-1.436055e+005,-1.216371e+005
883,2.194444e+004,-1.435814e+005,-1.216369e+005
884,2.192104e+004,-1.435577e+005,-1.216367e+005
885,2.189819e+004,-1.435347e+005,-1.216365e+005
886,2.187590e+004,-1.435122e+005,-1.216363e+005
887,2.185420e+004,-1.434903e+005,-1.216361e+005
888,2.183311e+004,-1.434690e+005,-1.216358e+005
889,2.181265e+004,-1.434483e+005,-1.216356e+005
890,2.179284e+004,-1.434283e+005,-1.216355e+005
891,2.177370e+004,-1.434090e+005,-1.216353e+005
892,2.175525e+004,-1.433903e+005,-1.216351e+005
893,2.173751e+004,-1.433724e+005,-1.216349e+005
894,2.172051e+004,-1.433552e+005,-1.216347e+005
895,2.170426e+004,-1.433388e+005,-1.216345e+005
896,2.168878e+004,-1.433232e+005,-1.216344e+005
897,2.167410e+004,-1.433083e+005,-1.216342e+005
898,2.166023e+004,-1.432943e+005,-1.216341e+005
899,2.164719e+004,-1.432811e+005,-1.216339e+005
900,2.163501e+004,-1.432688e+005,-1.216337e+005
901,2.162371e+004,-1.432573e+005,-1.216336e+005
902,2.161330e+004,-1.432468e+005,-1.216335e+005
903,2.160380e+004,-1.432371e+005,-1.216333e+005
904,2.159523e+004,-1.432284e+005,-1.216332e+005
905,2.158761e+004,-1.432207e+005,-1.216331e+005
906,2.158097e+004,-1.432139e+005,-1.216329e+005
907,2.157531e+004,-1.432081e+005,-1.216328e+005
908,2.157067e+004,-1.432034e+005,-1.216327e+005
909,2.156704e+004,-1.431997e+005,-1.216326e+005
910,2.156447e+004,-1.431970e+005,-1.216325e+005
911,2.156295e+004,-1.431954e+005,-1.216324e+005
912,2.156252e+004,-1.431948e+005,-1.216323e+005
913,2.156318e+004,-1.431954e+005,-1.216322e+005
914,2.156495e+004,-1.431971e+005,-1.216321e+005
915,2.156786e+004,-1.431999e+005,-1.216320e+005
916,2.157192e+004,-1.432039e+005,-1.216320e+005
917,2.157713e+004,-1.432090e+005,-1.216319e+005
918,2.158353e+004,-1.432153e+005,-1.216318e+005
919,2.159112e+004,-1.432229e+005,-1.216317e+005
920,2.159993e+004,-1.432316e+005,-1.216317e+005
921,2.160995e+004,-1.432416e+005,-1.216316e+005
922,2.162122e+004,-1.432528e+005,-1.216316e+005
923,2.163374e+004,-1.432652e+005,-1.216315e+005
924,2.164753e+004,-1.432790e+005,-1.216314e+005
925,2.166260e+004,-1.432940e+005,-1.216314e+005
926,2.167897e+004,-1.433103e+005,-1.216313e+005
927,2.169664e+004,-1.433279e+005,-1.216313e+005
928,2.171563e+004,-1.433469e+005,-1.216313e+005
929,2.173595e+004,-1.433672e+005,-1.216312e+005
930,2.175761e+004,-1.433888e+005,-1.216312e+005
931,2.178063e+004,-1.434118e+005,-1.216312e+005
932,2.180501e+004,-1.434361e+005,-1.216311e+005
933,2.183077e+004,-1.434619e+005,-1.216311e+005
934,2.185791e+004,-1.434890e+005,-1.216311e+005
935,2.188644e+004,-1.435175e+005,-1.216311e+005
936,2.191638e+004,-1.435474e+005,-1.216310e+005
937,2.194773e+004,-1.435787e+005,-1.216310e+005
938,2.198049e+004,-1.436115e+005,-1.216310e+005
939,2.201469e+004,-1.436457e+005,-1.216310e+005
940,2.205031e+004,-1.436813e+005,-1.216310e+005
941,2.208738e+004,-1.437183e+005,-1.216310e+005
942,2.212590e+004,-1.437568e+005,-1.216309e+005
943,2.216586e+004,-1.437968e+005,-1.216309e+005
944,2.220728e+004,-1.438382e+005,-1.216309e+005
945,2.225017e+004,-1.438811e+005,-1.216309e+005
946,2.229452e+004,-1.439254e+005,-1.216309e+005
947,2.234034e+004,-1.439712e+005,-1.216309e+005
948,2.238763e+004,-1.440185e+005,-1.216309e+005
949,2.243640e+004,-1.440673e+005,-1.216309e+005
950,2.248665e+004,-1.441175e+005,-1.216309e+005
951,2.253838e+004,-1.441693e+005,-1.216309e+005
952,2.259159e+004,-1.442225e+005,-1.216309e+005
953,2.264628e+004,-1.442772e+005,-1.216309e+005
954,2.270245e+004,-1.443333e+005,-1.216309e+005
955,2.276011e+004,-1.443910e+005,-1.216309e+005
956,2.281924e+004,-1.444501e+005,-1.216309e+005
957,2.287986e+004,-1.445107e+005,-1.216309e+005
958,2.294195e+004,-1.445728e+005,-1.216309e+005
959,2.300552e+004,-1.446364e+005,-1.216308e+005
960,2.307056e+004,-1.447014e+005,-1.216308e+005
961,2.313708e+004,-1.447679e+005,-1.216308e+005
962,2.320506e+004,-1.448359e+005,-1.216308e+005
963,2.327450e+004,-1.449053e+005,-1.216308e+005
964,2.334540e+004,-1.449762e+005,-1.216308e+005
965,2.341775e+004,-1.450485e+005,-1.216308e+005
966,2.349155e+004,-1.451223e+005,-1.216308e+005
967,2.356679e+004,-1.451975e+005,-1.216308e+005
968,2.364346e+004,-1.452742e+005,-1.216307e+005
969,2.372157e+004,-1.453523e+005,-1.216307e+005
970,2.380109e+004,-1.454318e+005,-1.216307e+005
971,2.388202e+004,-1.455127e+005,-1.216307e+005
972,2.396436e+004,-1.455950e+005,-1.216306e+005
973,2.404810e+004,-1.456787e+005,-1.216306e+005
974,2.413321e+004,-1.457638e+005,-1.216306e+005
975,2.421971e+004,-1.458503e+005,-1.216306e+005
976,2.430757e+004,-1.459381e+005,-1.216305e+005
977,2.439679e+004,-1.460273e+005,-1.216305e+005
978,2.448735e+004,-1.461178e+005,-1.216304e+005
979,2.457924e+004,-1.462096e+005,-1.216304e+005
980,2.467246e+004,-1.463028e+005,-1.216303e+005
981,2.476699e+004,-1.463973e+005,-1.216303e+005
982,2.486281e+004,-1.464930e+005,-1.216302e+005
983,2.495992e+004,-1.465901e+005,-1.216302e+005
984,2.505830e+004,-1.466884e+005,-1.216301e+005
985,2.515793e+004,-1.467880e+005,-1.216301e+005
986,2.525881e+004,-1.468888e+005,-1.216300e+005
987,2.536092e+004,-1.469908e+005,-1.216299e+005
988,2.546424e+004,-1.470941e+005,-1.216298e+005
989,2.556877e+004,-1.471985e+005,-1.216298e+005
990,2.567447e+004,-1.473042e+005,-1.216297e+005
991,2.578135e+004,-1.474109e+005,-1.216296e+005
992,2.588938e+004,-1.475189e+005,-1.216295e+005
993,2.599854e+004,-1.476280e+005,-1.216294e+005
994,2.610883e+004,-1.477381e+005,-1.216293e+005
995,2.622022e+004,-1.478494e+005,-1.216292e+005
996,2.633269e+004,-1.479618e+005,-1.216291e+005
997,2.644623e+004,-1.480752e+005,-1.216290e+005
998,2.656083e+004,-1.481897e+005,-1.216289e+005
999,2.667646e+004,-1.483052e+005,-1.216288e+005
1000,2.679310e+004,-1.484217e+005,-1.216286e+005
1001,2.691075e+004,-1.485393e+005,-1.216285e+005
1002,2.702937e+004,-1.486577e+005,-1.216284e+005
1003,2.714895e+004,-1.487772e+005,-1.216282e+005
1004,2.726947e+004,-1.488976e+005,-1.216281e+005
1005,2.739092e+004,-1.490189e+005,-1.216279e+005
1006,2.751327e+004,-1.491411e+005,-1.216278e+005
1007,2.763650e+004,-1.492641e+005,-1.216276e+005
1008,2.776060e+004,-1.493881e+005,-1.216275e+005
1009,2.788555e+004,-1.495129e+005,-1.216273e+005
1010,2.801131e+004,-1.496385e+005,-1.216271e+005
1011,2.813789e+004,-1.497649e+005,-1.216270e+005
1012,2.826525e+004,-1.498920e+005,-1.216268e+005
1013,2.839337e+004,-1.500200e+005,-1.216266e+005
1014,2.852224e+004,-1.501487e+005,-1.216264e+005
1015,2.865184e+004,-1.502781e+005,-1.216262e+005
1016,2.878214e+004,-1.504082e+005,-1.216260e+005
1017,2.891312e+004,-1.505389e+005,-1.216258e+005
1018,2.904476e+004,-1.506704e+005,-1.216256e+005
1019,2.917705e+004,-1.508025e+005,-1.216254e+005
1020,2.930996e+004,-1.509351e+005,-1.216252e+005
1021,2.944347e+004,-1.510684e+005,-1.216250e+005
1022,2.957757e+004,-1.512023e+005,-1.216247e+005
1023,2.971222e+004,-1.513367e+005,-1.216245e+005
1024,2.984741e+004,-1.514717e+005,-1.216243e+005
1025,2.998312e+004,-1.516071e+005,-1.216240e+005
1026,3.011933e+004,-1.517431e+005,-1.216238e+005
1027,3.025601e+004,-1.518795e+005,-1.216235e+005
1028,3.039315e+004,-1.520164e+005,-1.216233e+005
1029,3.053073e+004,-1.521537e+005,-1.216230e+005
1030,3.066872e+004,-1.522915e+005,-1.216227e+005
1031,3.080710e+004,-1.524296e+005,-1.216225e+005
1032,3.094586e+004,-1.525681e+005,-1.216222e+005
1033,3.108498e+004,-1.527069e+005,-1.216219e+005
1034,3.122442e+004,-1.528461e+005,-1.216216e+005
1035,3.136418e+004,-1.529855e+005,-1.216213e+005
1036,3.150423e+004,-1.531253e+005,-1.216210e+005
1037,3.164455e+004,-1.532653e+005,-1.216208e+005
1038,3.178513e+004,-1.534056e+005,-1.216204e+005
1039,3.192593e+004,-1.535461e+005,-1.216201e+005
1040,3.206695e+004,-1.536868e+005,-1.216198e+005
1041,3.220816e+004,-1.538277e+005,-1.216195e+005
1042,3.234955e+004,-1.539687e+005,-1.216192e+005
1043,3.249108e+004,-1.541100e+005,-1.216189e+005
1044,3.263275e+004,-1.542513e+005,-1.216185e+005
1045,3.277454e+004,-1.543927e+005,-1.216182e+005
1046,3.291642e+004,-1.545343e+005,-1.216179e+005
1047,3.305837e+004,-1.546759e+005,-1.216175e+005
1048,3.320038e+004,-1.548176e+005,-1.216172e+005
1049,3.334243e+004,-1.549593e+005,-1.216168e+005
1050,3.348450e+004,-1.551010e+005,-1.216165e+005
1051,3.362657e+004,-1.552427e+005,-1.216161e+005
1052,3.376863e+004,-1.553844e+005,-1.216158e+005
1053,3.391065e+004,-1.555261e+005,-1.216154e+005
1054,3.405261e+004,-1.556677e+005,-1.216150e+005
1055,3.419451e+004,-1.558092e+005,-1.216147e+005
1056,3.433631e+004,-1.559506e+005,-1.216143e+005
1057,3.447801e+004,-1.560919e+005,-1.216139e+005
1058,3.461959e+004,-1.562331e+005,-1.216135e+005
1059,3.476102e+004,-1.563742e+005,-1.216132e+005
1060,3.490230e+004,-1.565151e+005,-1.216128e+005
1061,3.504340e+004,-1.566558e+005,-1.216124e+005
1062,3.518431e+004,-1.567963e+005,-1.216120e+005
1063,3.532502e+004,-1.569366e+005,-1.216116e+005
1064,3.546550e+004,-1.570767e+005,-1.216112e+005
1065,3.560574e+004,-1.572165e+005,-1.216108e+005
1066,3.574573e+004,-1.573561e+005,-1.216104e+005
1067,3.588544e+004,-1.574954e+005,-1.216099e+005
1068,3.602487e+004,-1.576344e+005,-1.216095e+005
1069,3.616400e+004,-1.577731e+005,-1.216091e+005
1070,3.630281e+004,-1.579115e+005,-1.216087e+005
1071,3.644129e+004,-1.580496e+005,-1.216083e+005
1072,3.657942e+004,-1.581873e+005,-1.216078e+005
1073,3.671719e+004,-1.583246e+005,-1.216074e+005
1074,3.685459e+004,-1.584616e+005,-1.216070e+005
1075,3.699159e+004,-1.585981e+005,-1.216066e+005
1076,3.712820e+004,-1.587343e+005,-1.216061e+005
1077,3.726439e+004,-1.588701e+005,-1.216057e+005
1078,3.740014e+004,-1.590054e+005,-1.216052e+005
1079,3.753546e+004,-1.591403e+005,-1.216048e+005
1080,3.767032e+004,-1.592747e+005,-1.216043e+005
1081,3.780471e+004,-1.594086e+005,-1.216039e+005
1082,3.793861e+004,-1.595421e+005,-1.216034e+005
1083,3.807202e+004,-1.596750e+005,-1.216030e+005
1084,3.820493e+004,-1.598075e+005,-1.216025e+005
1085,3.833731e+004,-1.599394e+005,-1.216021e+005
1086,3.846917e+004,-1.600708e+005,-1.216016e+005
1087,3.860048e+004,-1.602016e+005,-1.216012e+005
1088,3.873123e+004,-1.603319e+005,-1.216007e+005
1089,3.886142e+004,-1.604616e+005,-1.216002e+005
1090,3.899104e+004,-1.605908e+005,-1.215998e+005
1091,3.912006e+004,-1.607193e+005,-1.215993e+005
1092,3.924849e+004,-1.608473e+005,-1.215988e+005
1093,3.937630e+004,-1.609746e+005,-1.215983e+005
1094,3.950350e+004,-1.611014e+005,-1.215979e+005
1095,3.963006e+004,-1.612274e+005,-1.215974e+005
1096,3.975599e+004,-1.613529e+005,-1.215969e+005
1097,3.988126e+004,-1.614777e+005,-1.215964e+005
1098,4.000587e+004,-1.616018e+005,-1.215959e+005
1099,4.012981e+004,-1.617253e+005,-1.215955e+005
1100,4.025307e+004,-1.618480e+005,-1.215950e+005
1101,4.037564e+004,-1.619701e+005,-1.215945e+005
1102,4.049751e+004,-1.620915e+005,-1.215940e+005
1103,4.061867e+004,-1.622122e+005,-1.215935e+005
1104,4.073912e+004,-1.623321e+005,-1.215930e+005
1105,4.085884e+004,-1.624514e+005,-1.215925e+005
1106,4.097783e+004,-1.625698e+005,-1.215920e+005
1107,4.109607e+004,-1.626876e+005,-1.215915e+005
1108,4.121356e+004,-1.628046e+005,-1.215910e+005
1109,4.133029e+004,-1.629208e+005,-1.215905e+005
1110,4.144625e+004,-1.630363e+005,-1.215900e+005
1111,4.156144e+004,-1.631510e+005,-1.215895e+005
1112,4.167584e+004,-1.632649e+005,-1.215890e+005
1113,4.178945e+004,-1.633780e+005,-1.215885e+005
1114,4.190227e+004,-1.634903e+005,-1.215880e+005
1115,4.201427e+004,-1.636018e+005,-1.215875e+005
1116,4.212546e+004,-1.637124e+005,-1.215870e+005
1117,4.223583e+004,-1.638223e+005,-1.215865e+005
1118,4.234537e+004,-1.639313e+005,-1.215860e+005
1119,4.245407e+004,-1.640395e+005,-1.215854e+005
1120,4.256193e+004,-1.641468e+005,-1.215849e+005
1121,4.266893e+004,-1.642533e+005,-1.215844e+005
1122,4.277508e+004,-1.643590e+005,-1.215839e+005
1123,4.288037e+004,-1.644637e+005,-1.215834e+005
1124,4.298479e+004,-1.645676e+005,-1.215828e+005
1125,4.308833e+004,-1.646706e+005,-1.215823e+005
1126,4.319098e+004,-1.647728e+005,-1.215818e+005
1127,4.329274e+004,-1.648740e+005,-1.215813e+005
1128,4.339361e+004,-1.649744e+005,-1.215807e+005
1129,4.349357e+004,-1.650738e+005,-1.215802e+005
1130,4.359263e+004,-1.651723e+005,-1.215797e+005
1131,4.369076e+004,-1.652699e+005,-1.215792e+005
1132,4.378798e+004,-1.653666e+005,-1.215786e+005
1133,4.388427e+004,-1.654624e+005,-1.215781e+005
1134,4.397962e+004,-1.655572e+005,-1.215776e+005
1135,4.407403e+004,-1.656510e+005,-1.215770e+005
1136,4.416750e+004,-1.657440e+005,-1.215765e+005
1137,4.426001e+004,-1.658359e+005,-1.215759e+005
1138,4.435156e+004,-1.659270e+005,-1.215754e+005
1139,4.444216e+004,-1.660170e+005,-1.215749e+005
1140,4.453178e+004,-1.661061e+005,-1.215743e+005
1141,4.462042e+004,-1.661942e+005,-1.215738e+005
1142,4.470808e+004,-1.662813e+005,-1.215732e+005
1143,4.479476e+004,-1.663674e+005,-1.215727e+005
1144,4.488044e+004,-1.664526e+005,-1.215721e+005
1145,4.496513e+004,-1.665367e+005,-1.215716e+005
1146,4.504880e+004,-1.666198e+005,-1.215710e+005
1147,4.513147e+004,-1.667019e+005,-1.215704e+005
1148,4.521312e+004,-1.667830e+005,-1.215699e+005
1149,4.529375e+004,-1.668631e+005,-1.215693e+005
1150,4.537336e+004,-1.669421e+005,-1.215688e+005
1151,4.545193e+004,-1.670201e+005,-1.215682e+005
1152,4.552946e+004,-1.670971e+005,-1.215676e+005
1153,4.560594e+004,-1.671730e+005,-1.215671e+005
1154,4.568138e+004,-1.672479e+005,-1.215665e+005
1155,4.575576e+004,-1.673217e+005,-1.215659e+005
1156,4.582908e+004,-1.673944e+005,-1.215653e+005
1157,4.590133e+004,-1.674661e+005,-1.215648e+005
1158,4.597251e+004,-1.675367e+005,-1.215642e+005
1159,4.604261e+004,-1.676062e+005,-1.215636e+005
1160,4.611162e+004,-1.676746e+005,-1.215630e+005
1161,4.617954e+004,-1.677420e+005,-1.215624e+005
1162,4.624637e+004,-1.678082e+005,-1.215618e+005
1163,4.631210e+004,-1.678733e+005,-1.215612e+005
1164,4.637672e+004,-1.679374e+005,-1.215607e+005
1165,4.644022e+004,-1.680003e+005,-1.215601e+005
1166,4.650261e+004,-1.680621e+005,-1.215595e+005
1167,4.656387e+004,-1.681227e+005,-1.215589e+005
1168,4.662399e+004,-1.681822e+005,-1.215583e+005
1169,4.668298e+004,-1.682406e+005,-1.215576e+005
1170,4.674083e+004,-1.682979e+005,-1.215570e+005
1171,4.679753e+004,-1.683540e+005,-1.215564e+005
1172,4.685307e+004,-1.684089e+005,-1.215558e+005
1173,4.690746e+004,-1.684626e+005,-1.215552e+005
1174,4.696067e+004,-1.685152e+005,-1.215546e+005
1175,4.701271e+004,-1.685667e+005,-1.215539e+005
1176,4.706358e+004,-1.686169e+005,-1.215533e+005
1177,4.711325e+004,-1.686659e+005,-1.215527e+005
1178,4.716174e+004,-1.687138e+005,-1.215521e+005
1179,4.720902e+004,-1.687604e+005,-1.215514e+005
1180,4.725511e+004,-1.688059e+005,-1.215508e+005
1181,4.729998e+004,-1.688501e+005,-1.215501e+005
1182,4.734363e+004,-1.688931e+005,-1.215495e+005
1183,4.738607e+004,-1.689349e+005,-1.215488e+005
1184,4.742727e+004,-1.689754e+005,-1.215482e+005
1185,4.746724e+004,-1.690148e+005,-1.215475e+005
1186,4.750596e+004,-1.690528e+005,-1.215469e+005
1187,4.754344e+004,-1.690896e+005,-1.215462e+005
1188,4.757966e+004,-1.691252e+005,-1.215455e+005
1189,4.761462e+004,-1.691595e+005,-1.215449e+005
1190,4.764831e+004,-1.691925e+005,-1.215442e+005
1191,4.768073e+004,-1.692242e+005,-1.215435e+005
1192,4.771187e+004,-1.692547e+005,-1.215428e+005
1193,4.774172e+004,-1.692838e+005,-1.215421e+005
1194,4.777028e+004,-1.693117e+005,-1.215414e+005
1195,4.779753e+004,-1.693383e+005,-1.215407e+005
1196,4.782349e+004,-1.693635e+005,-1.215400e+005
1197,4.784812e+004,-1.693875e+005,-1.215393e+005
1198,4.787144e+004,-1.694101e+005,-1.215386e+005
1199,4.789344e+004,-1.694314e+005,-1.215379e+005
1200,4.791410e+004,-1.694513e+005,-1.215372e+005
1201,4.793342e+004,-1.694699e+005,-1.215365e+005
1202,4.795140e+004,-1.694872e+005,-1.215358e+005
1203,4.796803e+004,-1.695030e+005,-1.215350e+005
1204,4.798329e+004,-1.695176e+005,-1.215343e+005
1205,4.799720e+004,-1.695308e+005,-1.215336e+005
1206,4.800973e+004,-1.695425e+005,-1.215328e+005
1207,4.802089e+004,-1.695530e+005,-1.215321e+005
1208,4.803067e+004,-1.695620e+005,-1.215313e+005
1209,4.803906e+004,-1.695696e+005,-1.215306e+005
1210,4.804605e+004,-1.695758e+005,-1.215298e+005
1211,4.805164e+004,-1.695807e+005,-1.215290e+005
1212,4.805583e+004,-1.695841e+005,-1.215283e+005
1213,4.805860e+004,-1.695861e+005,-1.215275e+005
1214,4.805996e+004,-1.695867e+005,-1.215267e+005
1215,4.805989e+004,-1.695858e+005,-1.215259e+005
1216,4.805839e+004,-1.695835e+005,-1.215251e+005
1217,4.805546e+004,-1.695798e+005,-1.215243e+005
1218,4.805109e+004,-1.695746e+005,-1.215235e+005
1219,4.804527e+004,-1.695680e+005,-1.215227e+005
1220,4.803800e+004,-1.695599e+005,-1.215219e+005
1221,4.802928e+004,-1.695504e+005,-1.215211e+005
1222,4.801909e+004,-1.695394e+005,-1.215203e+005
1223,4.800744e+004,-1.695269e+005,-1.215195e+005
1224,4.799432e+004,-1.695130e+005,-1.215186e+005
1225,4.797973e+004,-1.694975e+005,-1.215178e+005
1226,4.796366e+004,-1.694806e+005,-1.215170e+005
1227,4.794610e+004,-1.694622e+005,-1.215161e+005
1228,4.792706e+004,-1.694423e+005,-1.215153e+005
1229,4.790652e+004,-1.694210e+005,-1.215144e+005
1230,4.788450e+004,-1.693981e+005,-1.215136e+005
1231,4.786097e+004,-1.693737e+005,-1.215127e+005
1232,4.783595e+004,-1.693478e+005,-1.215118e+005
1233,4.780942e+004,-1.693204e+005,-1.215110e+005
1234,4.778139e+004,-1.692915e+005,-1.215101e+005
1235,4.775185e+004,-1.692611e+005,-1.215092e+005
1236,4.772080e+004,-1.692291e+005,-1.215083e+005
1237,4.768823e+004,-1.691957e+005,-1.215074e+005
1238,4.765415e+004,-1.691607e+005,-1.215065e+005
1239,4.761856e+004,-1.691242e+005,-1.215056e+005
1240,4.758145e+004,-1.690862e+005,-1.215047e+005
1241,4.754282e+004,-1.690467e+005,-1.215038e+005
1242,4.750268e+004,-1.690056e+005,-1.215029e+005
1243,4.746102e+004,-1.689630e+005,-1.215020e+005
1244,4.741784e+004,-1.689189e+005,-1.215011e+005
1245,4.737315e+004,-1.688733e+005,-1.215002e+005
1246,4.732694e+004,-1.688262e+005,-1.214992e+005
1247,4.727921e+004,-1.687775e+005,-1.214983e+005
1248,4.722997e+004,-1.687273e+005,-1.214974e+005
1249,4.717923e+004,-1.686756e+005,-1.214964e+005
1250,4.712697e+004,-1.686224e+005,-1.214955e+005
1251,4.707321e+004,-1.685677e+005,-1.214945e+005
1252,4.701795e+004,-1.685115e+005,-1.214936e+005
1253,4.696119e+004,-1.684538e+005,-1.214926e+005
1254,4.690294e+004,-1.683946e+005,-1.214917e+005
1255,4.684319e+004,-1.683339e+005,-1.214907e+005
1256,4.678197e+004,-1.682717e+005,-1.214897e+005
1257,4.671926e+004,-1.682080e+005,-1.214888e+005
1258,4.665509e+004,-1.681429e+005,-1.214878e+005
1259,4.658945e+004,-1.680762e+005,-1.214868e+005
1260,4.652235e+004,-1.680082e+005,-1.214858e+005
1261,4.645380e+004,-1.679386e+005,-1.214848e+005
1262,4.638381e+004,-1.678677e+005,-1.214839e+005
1263,4.631238e+004,-1.677953e+005,-1.214829e+005
1264,4.623953e+004,-1.677214e+005,-1.214819e+005
1265,4.616527e+004,-1.676462e+005,-1.214809e+005
1266,4.608961e+004,-1.675695e+005,-1.214799e+005
1267,4.601255e+004,-1.674915e+005,-1.214789e+005
1268,4.593411e+004,-1.674120e+005,-1.214779e+005
1269,4.585430e+004,-1.673312e+005,-1.214769e+005
1270,4.577314e+004,-1.672491e+005,-1.214759e+005
1271,4.569064e+004,-1.671655e+005,-1.214749e+005
1272,4.560681e+004,-1.670807e+005,-1.214739e+005
1273,4.552167e+004,-1.669946e+005,-1.214729e+005
1274,4.543523e+004,-1.669071e+005,-1.214719e+005
1275,4.534751e+004,-1.668184e+005,-1.214709e+005
1276,4.525853e+004,-1.667284e+005,-1.214699e+005
1277,4.516830e+004,-1.666372e+005,-1.214689e+005
1278,4.507684e+004,-1.665447e+005,-1.214679e+005
1279,4.498417e+004,-1.664510e+005,-1.214669e+005
1280,4.489032e+004,-1.663562e+005,-1.214659e+005
1281,4.479530e+004,-1.662602e+005,-1.214649e+005
1282,4.469913e+004,-1.661630e+005,-1.214639e+005
1283,4.460184e+004,-1.660647e+005,-1.214629e+005
1284,4.450344e+004,-1.659653e+005,-1.214619e+005
1285,4.440397e+004,-1.658648e+005,-1.214609e+005
1286,4.430344e+004,-1.657633e+005,-1.214599e+005
1287,4.420188e+004,-1.656607e+005,-1.214589e+005
1288,4.409931e+004,-1.655572e+005,-1.214579e+005
1289,4.399577e+004,-1.654527e+005,-1.214569e+005
1290,4.389128e+004,-1.653472e+005,-1.214559e+005
1291,4.378587e+004,-1.652408e+005,-1.214549e+005
1292,4.367957e+004,-1.651335e+005,-1.214539e+005
1293,4.357240e+004,-1.650253e+005,-1.214529e+005
1294,4.346439e+004,-1.649164e+005,-1.214520e+005
1295,4.335559e+004,-1.648066e+005,-1.214510e+005
1296,4.324601e+004,-1.646960e+005,-1.214500e+005
1297,4.313570e+004,-1.645847e+005,-1.214490e+005
1298,4.302469e+004,-1.644728e+005,-1.214481e+005
1299,4.291300e+004,-1.643601e+005,-1.214471e+005
1300,4.280068e+004,-1.642469e+005,-1.214462e+005
1301,4.268776e+004,-1.641330e+005,-1.214452e+005
1302,4.257428e+004,-1.640186e+005,-1.214443e+005
1303,4.246027e+004,-1.639036e+005,-1.214433e+005
1304,4.234577e+004,-1.637882e+005,-1.214424e+005
1305,4.223083e+004,-1.636723e+005,-1.214415e+005
1306,4.211548e+004,-1.635561e+005,-1.214406e+005
1307,4.199976e+004,-1.634394e+005,-1.214397e+005
1308,4.188371e+004,-1.633225e+005,-1.214388e+005
1309,4.176738e+004,-1.632052e+005,-1.214379e+005
1310,4.165080e+004,-1.630878e+005,-1.214370e+005
1311,4.153402e+004,-1.629701e+005,-1.214361e+005
1312,4.141708e+004,-1.628523e+005,-1.214352e+005
1313,4.130003e+004,-1.627344e+005,-1.214343e+005
1314,4.118291e+004,-1.626164e+005,-1.214335e+005
1315,4.106577e+004,-1.624984e+005,-1.214326e+005
1316,4.094866e+004,-1.623804e+005,-1.214318e+005
1317,4.083161e+004,-1.622625e+005,-1.214309e+005
1318,4.071468e+004,-1.621448e+005,-1.214301e+005
1319,4.059792e+004,-1.620272e+005,-1.214293e+005
1320,4.048137e+004,-1.619098e+005,-1.214285e+005
1321,4.036509e+004,-1.617927e+005,-1.214277e+005
1322,4.024911e+004,-1.616760e+005,-1.214269e+005
1323,4.013350e+004,-1.615596e+005,-1.214261e+005
1324,4.001830e+004,-1.614436e+005,-1.214253e+005
1325,3.990357e+004,-1.613281e+005,-1.214245e+005
1326,3.978935e+004,-1.612131e+005,-1.214238e+005
1327,3.967570e+004,-1.610987e+005,-1.214231e+005
1328,3.956266e+004,-1.609850e+005,-1.214223e+005
1329,3.945030e+004,-1.608719e+005,-1.214216e+005
1330,3.933865e+004,-1.607595e+005,-1.214209e+005
1331,3.922779e+004,-1.606480e+005,-1.214202e+005
1332,3.911775e+004,-1.605372e+005,-1.214195e+005
1333,3.900859e+004,-1.604274e+005,-1.214188e+005
1334,3.890037e+004,-1.603185e+005,-1.214181e+005
1335,3.879314e+004,-1.602106e+005,-1.214175e+005
1336,3.868695e+004,-1.601038e+005,-1.214168e+005
1337,3.858186e+004,-1.599981e+005,-1.214162e+005
1338,3.847792e+004,-1.598935e+005,-1.214156e+005
1339,3.837518e+004,-1.597901e+005,-1.214150e+005
1340,3.827370e+004,-1.596881e+005,-1.214144e+005
1341,3.817353e+004,-1.595873e+005,-1.214138e+005
1342,3.807472e+004,-1.594879e+005,-1.214132e+005
1343,3.797734e+004,-1.593900e+005,-1.214126e+005
1344,3.788142e+004,-1.592935e+005,-1.214121e+005
1345,3.778704e+004,-1.591986e+005,-1.214115e+005
1346,3.769423e+004,-1.591052e+005,-1.214110e+005
1347,3.760305e+004,-1.590135e+005,-1.214105e+005
1348,3.751356e+004,-1.589235e+005,-1.214099e+005
1349,3.742581e+004,-1.588353e+005,-1.214094e+005
1350,3.733984e+004,-1.587488e+005,-1.214090e+005
1351,3.725571e+004,-1.586642e+005,-1.214085e+005
1352,3.717348e+004,-1.585815e+005,-1.214080e+005
1353,3.709318e+004,-1.585007e+005,-1.214076e+005
1354,3.701488e+004,-1.584220e+005,-1.214071e+005
1355,3.693862e+004,-1.583453e+005,-1.214067e+005
1356,3.686445e+004,-1.582707e+005,-1.214063e+005
1357,3.679242e+004,-1.581983e+005,-1.214058e+005
1358,3.672258e+004,-1.581280e+005,-1.214054e+005
1359,3.665498e+004,-1.580600e+005,-1.214050e+005
1360,3.658965e+004,-1.579943e+005,-1.214047e+005
1361,3.652665e+004,-1.579309e+005,-1.214043e+005
1362,3.646602e+004,-1.578700e+005,-1.214039e+005
1363,3.640781e+004,-1.578114e+005,-1.214036e+005
1364,3.635206e+004,-1.577553e+005,-1.214032e+005
1365,3.629881e+004,-1.577017e+005,-1.214029e+005
1366,3.624811e+004,-1.576507e+005,-1.214026e+005
1367,3.619998e+004,-1.576023e+005,-1.214023e+005
1368,3.615449e+004,-1.575564e+005,-1.214020e+005
1369,3.611166e+004,-1.575133e+005,-1.214017e+005
1370,3.607153e+004,-1.574729e+005,-1.214014e+005
1371,3.603414e+004,-1.574352e+005,-1.214011e+005
1372,3.599952e+004,-1.574003e+005,-1.214008e+005
1373,3.596772e+004,-1.573683e+005,-1.214006e+005
1374,3.593875e+004,-1.573390e+005,-1.214003e+005
1375,3.591266e+004,-1.573127e+005,-1.214000e+005
1376,3.588948e+004,-1.572893e+005,-1.213998e+005
1377,3.586924e+004,-1.572688e+005,-1.213996e+005
1378,3.585197e+004,-1.572513e+005,-1.213993e+005
1379,3.583769e+004,-1.572368e+005,-1.213991e+005
1380,3.582643e+004,-1.572253e+005,-1.213989e+005
1381,3.581821e+004,-1.572169e+005,-1.213987e+005
1382,3.581307e+004,-1.572115e+005,-1.213985e+005
1383,3.581103e+004,-1.572093e+005,-1.213983e+005
1384,3.581210e+004,-1.572102e+005,-1.213981e+005
1385,3.581631e+004,-1.572142e+005,-1.213979e+005
1386,3.582367e+004,-1.572213e+005,-1.213977e+005
1387,3.583421e+004,-1.572317e+005,-1.213975e+005
1388,3.584793e+004,-1.572452e+005,-1.213973e+005
1389,3.586486e+004,-1.572620e+005,-1.213971e+005
1390,3.588502e+004,-1.572819e+005,-1.213969e+005
1391,3.590840e+004,-1.573052e+005,-1.213968e+005
1392,3.593503e+004,-1.573316e+005,-1.213966e+005
1393,3.596491e+004,-1.573613e+005,-1.213964e+005
1394,3.599805e+004,-1.573943e+005,-1.213962e+005
1395,3.603446e+004,-1.574305e+005,-1.213961e+005
1396,3.607415e+004,-1.574700e+005,-1.213959e+005
1397,3.611712e+004,-1.575128e+005,-1.213957e+005
1398,3.616336e+004,-1.575589e+005,-1.213956e+005
1399,3.621289e+004,-1.576083e+005,-1.213954e+005
1400,3.626571e+004,-1.576609e+005,-1.213952e+005
1401,3.632181e+004,-1.577169e+005,-1.213951e+005
1402,3.638119e+004,-1.577761e+005,-1.213949e+005
1403,3.644385e+004,-1.578386e+005,-1.213947e+005
1404,3.650978e+004,-1.579043e+005,-1.213945e+005
1405,3.657898e+004,-1.579733e+005,-1.213944e+005
1406,3.665144e+004,-1.580456e+005,-1.213942e+005
1407,3.672715e+004,-1.581211e+005,-1.213940e+005
1408,3.680610e+004,-1.581999e+005,-1.213938e+005
1409,3.688828e+004,-1.582819e+005,-1.213936e+005
1410,3.697367e+004,-1.583671e+005,-1.213934e+005
1411,3.706227e+004,-1.584555e+005,-1.213932e+005
1412,3.715406e+004,-1.585471e+005,-1.213930e+005
1413,3.724902e+004,-1.586419e+005,-1.213928e+005
1414,3.734713e+004,-1.587398e+005,-1.213926e+005
1415,3.744838e+004,-1.588408e+005,-1.213924e+005
1416,3.755275e+004,-1.589450e+005,-1.213922e+005
1417,3.766021e+004,-1.590522e+005,-1.213920e+005
1418,3.777074e+004,-1.591625e+005,-1.213918e+005
1419,3.788433e+004,-1.592758e+005,-1.213915e+005
1420,3.800094e+004,-1.593922e+005,-1.213913e+005
1421,3.812056e+004,-1.595116e+005,-1.213910e+005
1422,3.824314e+004,-1.596339e+005,-1.213908e+005
1423,3.836868e+004,-1.597592e+005,-1.213905e+005
1424,3.849714e+004,-1.598874e+005,-1.213903e+005
1425,3.862848e+004,-1.600185e+005,-1.213900e+005
1426,3.876269e+004,-1.601524e+005,-1.213897e+005
1427,3.889973e+004,-1.602891e+005,-1.213894e+005
1428,3.903956e+004,-1.604287e+005,-1.213891e+005
1429,3.918217e+004,-1.605710e+005,-1.213888e+005
1430,3.932750e+004,-1.607160e+005,-1.213885e+005
1431,3.947553e+004,-1.608637e+005,-1.213882e+005
1432,3.962622e+004,-1.610141e+005,-1.213879e+005
1433,3.977954e+004,-1.611671e+005,-1.213875e+005
1434,3.993544e+004,-1.613226e+005,-1.213872e+005
1435,4.009390e+004,-1.614807e+005,-1.213868e+005
1436,4.025487e+004,-1.616413e+005,-1.213865e+005
1437,4.041832e+004,-1.618044e+005,-1.213861e+005
1438,4.058420e+004,-1.619699e+005,-1.213857e+005
1439,4.075248e+004,-1.621378e+005,-1.213853e+005
1440,4.092312e+004,-1.623081e+005,-1.213849e+005
1441,4.109607e+004,-1.624806e+005,-1.213845e+005
1442,4.127129e+004,-1.626554e+005,-1.213841e+005
1443,4.144874e+004,-1.628324e+005,-1.213837e+005
1444,4.162838e+004,-1.630116e+005,-1.213832e+005
1445,4.181016e+004,-1.631930e+005,-1.213828e+005
1446,4.199405e+004,-1.633764e+005,-1.213823e+005
1447,4.217999e+004,-1.635619e+005,-1.213819e+005
1448,4.236794e+004,-1.637494e+005,-1.213814e+005
1449,4.255787e+004,-1.639388e+005,-1.213809e+005
1450,4.274971e+004,-1.641301e+005,-1.213804e+005
1451,4.294344e+004,-1.643234e+005,-1.213799e+005
1452,4.313899e+004,-1.645184e+005,-1.213794e+005
1453,4.333633e+004,-1.647152e+005,-1.213789e+005
1454,4.353542e+004,-1.649138e+005,-1.213784e+005
1455,4.373619e+004,-1.651140e+005,-1.213778e+005
1456,4.393862e+004,-1.653159e+005,-1.213773e+005
1457,4.414264e+004,-1.655193e+005,-1.213767e+005
1458,4.434822e+004,-1.657243e+005,-1.213761e+005
1459,4.455531e+004,-1.659308e+005,-1.213755e+005
1460,4.476386e+004,-1.661388e+005,-1.213749e+005
1461,4.497382e+004,-1.663482e+005,-1.213743e+005
1462,4.518515e+004,-1.665589e+005,-1.213737e+005
1463,4.539780e+004,-1.667709e+005,-1.213731e+005
1464,4.561172e+004,-1.669842e+005,-1.213725e+005
1465,4.582687e+004,-1.671987e+005,-1.213718e+005
1466,4.604319e+004,-1.674144e+005,-1.213712e+005
1467,4.626065e+004,-1.676312e+005,-1.213705e+005
1468,4.647919e+004,-1.678490e+005,-1.213698e+005
1469,4.669877e+004,-1.680679e+005,-1.213692e+005
1470,4.691934e+004,-1.682878e+005,-1.213685e+005
1471,4.714085e+004,-1.685086e+005,-1.213678e+005
1472,4.736326e+004,-1.687303e+005,-1.213671e+005
1473,4.758653e+004,-1.689529e+005,-1.213664e+005
1474,4.781060e+004,-1.691762e+005,-1.213656e+005
1475,4.803543e+004,-1.694003e+005,-1.213649e+005
1476,4.826098e+004,-1.696251e+005,-1.213642e+005
1477,4.848719e+004,-1.698506e+005,-1.213634e+005
1478,4.871403e+004,-1.700767e+005,-1.213626e+005
1479,4.894145e+004,-1.703033e+005,-1.213619e+005
1480,4.916940e+004,-1.705305e+005,-1.213611e+005
1481,4.939784e+004,-1.707582e+005,-1.213603e+005
1482,4.962673e+004,-1.709862e+005,-1.213595e+005
1483,4.985602e+004,-1.712147e+005,-1.213587e+005
1484,5.008567e+004,-1.714436e+005,-1.213579e+005
1485,5.031564e+004,-1.716727e+005,-1.213571e+005
1486,5.054588e+004,-1.719021e+005,-1.213563e+005
1487,5.077635e+004,-1.721318e+005,-1.213554e+005
1488,5.100701e+004,-1.723616e+005,-1.213546e+005
1489,5.123781e+004,-1.725916e+005,-1.213537e+005
1490,5.146873e+004,-1.728216e+005,-1.213529e+005
1491,5.169971e+004,-1.730517e+005,-1.213520e+005
1492,5.193071e+004,-1.732819e+005,-1.213512e+005
1493,5.216170e+004,-1.735120e+005,-1.213503e+005
1494,5.239263e+004,-1.737420e+005,-1.213494e+005
1495,5.262347e+004,-1.739720e+005,-1.213485e+005
1496,5.285418e+004,-1.742018e+005,-1.213476e+005
1497,5.308472e+004,-1.744314e+005,-1.213467e+005
1498,5.331505e+004,-1.746609e+005,-1.213458e+005
1499,5.354513e+004,-1.748900e+005,-1.213449e+005
1500,5.377494e+004,-1.751189e+005,-1.213440e+005
1501,5.400442e+004,-1.753475e+005,-1.213431e+005
1502,5.423355e+004,-1.755757e+005,-1.213421e+005
1503,5.446229e+004,-1.758035e+005,-1.213412e+005
1504,5.469060e+004,-1.760309e+005,-1.213403e+005
1505,5.491845e+004,-1.762578e+005,-1.213393e+005
1506,5.514581e+004,-1.764842e+005,-1.213384e+005
1507,5.537264e+004,-1.767100e+005,-1.213374e+005
1508,5.559891e+004,-1.769354e+005,-1.213364e+005
1509,5.582459e+004,-1.771601e+005,-1.213355e+005
1510,5.604964e+004,-1.773842e+005,-1.213345e+005
1511,5.627404e+004,-1.776076e+005,-1.213335e+005
1512,5.649775e+004,-1.778303e+005,-1.213326e+005
1513,5.672074e+004,-1.780523e+005,-1.213316e+005
1514,5.694298e+004,-1.782736e+005,-1.213306e+005
1515,5.716444e+004,-1.784940e+005,-1.213296e+005
1516,5.738510e+004,-1.787137e+005,-1.213286e+005
1517,5.760492e+004,-1.789325e+005,-1.213276e+005
1518,5.782387e+004,-1.791505e+005,-1.213266e+005
1519,5.804193e+004,-1.793675e+005,-1.213256e+005
1520,5.825908e+004,-1.795837e+005,-1.213246e+005
1521,5.847528e+004,-1.797989e+005,-1.213236e+005
1522,5.869050e+004,-1.800131e+005,-1.213226e+005
1523,5.890473e+004,-1.802263e+005,-1.213216e+005
1524,5.911794e+004,-1.804385e+005,-1.213205e+005
1525,5.933009e+004,-1.806496e+005,-1.213195e+005
1526,5.954118e+004,-1.808597e+005,-1.213185e+005
1527,5.975117e+004,-1.810686e+005,-1.213175e+005
1528,5.996004e+004,-1.812765e+005,-1.213164e+005
1529,6.016776e+004,-1.814832e+005,-1.213154e+005
1530,6.037432e+004,-1.816887e+005,-1.213144e+005
1531,6.057970e+004,-1.818930e+005,-1.213133e+005
1532,6.078386e+004,-1.820962e+005,-1.213123e+005
1533,6.098680e+004,-1.822981e+005,-1.213113e+005
1534,6.118848e+004,-1.824987e+005,-1.213102e+005
1535,6.138890e+004,-1.826981e+005,-1.213092e+005
1536,6.158802e+004,-1.828961e+005,-1.213081e+005
1537,6.178583e+004,-1.830929e+005,-1.213071e+005
1538,6.198231e+004,-1.832883e+005,-1.213060e+005
1539,6.217745e+004,-1.834824e+005,-1.213050e+005
1540,6.237121e+004,-1.836751e+005,-1.213039e+005
1541,6.256360e+004,-1.838665e+005,-1.213029e+005
1542,6.275458e+004,-1.840564e+005,-1.213018e+005
1543,6.294414e+004,-1.842449e+005,-1.213008e+005
1544,6.313227e+004,-1.844320e+005,-1.212997e+005
1545,6.331894e+004,-1.846176e+005,-1.212987e+005
1546,6.350415e+004,-1.848018e+005,-1.212976e+005
1547,6.368787e+004,-1.849844e+005,-1.212965e+005
1548,6.387009e+004,-1.851656e+005,-1.212955e+005
1549,6.405080e+004,-1.853452e+005,-1.212944e+005
1550,6.422998e+004,-1.855234e+005,-1.212934e+005
1551,6.440762e+004,-1.856999e+005,-1.212923e+005
1552,6.458371e+004,-1.858750e+005,-1.212912e+005
1553,6.475822e+004,-1.860484e+005,-1.212902e+005
1554,6.493115e+004,-1.862203e+005,-1.212891e+005
1555,6.510248e+004,-1.863905e+005,-1.212881e+005
1556,6.527220e+004,-1.865592e+005,-1.212870e+005
1557,6.544031e+004,-1.867262e+005,-1.212859e+005
1558,6.560677e+004,-1.868916e+005,-1.212849e+005
1559,6.577160e+004,-1.870554e+005,-1.212838e+005
1560,6.593477e+004,-1.872175e+005,-1.212827e+005
1561,6.609627e+004,-1.873779e+005,-1.212817e+005
1562,6.625609e+004,-1.875367e+005,-1.212806e+005
1563,6.641422e+004,-1.876937e+005,-1.212795e+005
1564,6.657065e+004,-1.878491e+005,-1.212785e+005
1565,6.672537e+004,-1.880028e+005,-1.212774e+005
1566,6.687837e+004,-1.881547e+005,-1.212763e+005
1567,6.702965e+004,-1.883049e+005,-1.212753e+005
1568,6.717918e+004,-1.884534e+005,-1.212742e+005
1569,6.732696e+004,-1.886001e+005,-1.212731e+005
1570,6.747299e+004,-1.887450e+005,-1.212720e+005
1571,6.761725e+004,-1.888882e+005,-1.212710e+005
1572,6.775974e+004,-1.890296e+005,-1.212699e+005
1573,6.790044e+004,-1.891693e+005,-1.212688e+005
1574,6.803935e+004,-1.893071e+005,-1.212678e+005
1575,6.817647e+004,-1.894432e+005,-1.212667e+005
1576,6.831177e+004,-1.895774e+005,-1.212656e+005
1577,6.844526e+004,-1.897098e+005,-1.212645e+005
1578,6.857693e+004,-1.898404e+005,-1.212635e+005
1579,6.870677e+004,-1.899692e+005,-1.212624e+005
1580,6.883477e+004,-1.900961e+005,-1.212613e+005
1581,6.896093e+004,-1.902212e+005,-1.212602e+005
1582,6.908524e+004,-1.903444e+005,-1.212592e+005
1583,6.920769e+004,-1.904658e+005,-1.212581e+005
1584,6.932828e+004,-1.905853e+005,-1.212570e+005
1585,6.944700e+004,-1.907029e+005,-1.212559e+005
1586,6.956384e+004,-1.908187e+005,-1.212549e+005
1587,6.967880e+004,-1.909326e+005,-1.212538e+005
1588,6.979187e+004,-1.910446e+005,-1.212527e+005
1589,6.990305e+004,-1.911547e+005,-1.212516e+005
1590,7.001233e+004,-1.912629e+005,-1.212505e+005
1591,7.011971e+004,-1.913692e+005,-1.212495e+005
1592,7.022517e+004,-1.914736e+005,-1.212484e+005
1593,7.032872e+004,-1.915760e+005,-1.212473e+005
1594,7.043035e+004,-1.916766e+005,-1.212462e+005
1595,7.053006e+004,-1.917752e+005,-1.212451e+005
1596,7.062783e+004,-1.918719e+005,-1.212440e+005
1597,7.072367e+004,-1.919666e+005,-1.212430e+005
1598,7.081757e+004,-1.920594e+005,-1.212419e+005
1599,7.090952e+004,-1.921503e+005,-1.212408e+005
1600,7.099953e+004,-1.922392e+005,-1.212397e+005
1601,7.108758e+004,-1.923262e+005,-1.212386e+005
1602,7.117368e+004,-1.924112e+005,-1.212375e+005
1603,7.125781e+004,-1.924942e+005,-1.212364e+005
1604,7.133998e+004,-1.925753e+005,-1.212353e+005
1605,7.142017e+004,-1.926544e+005,-1.212342e+005
1606,7.149840e+004,-1.927315e+005,-1.212331e+005
1607,7.157464e+004,-1.928067e+005,-1.212320e+005
1608,7.164891e+004,-1.928798e+005,-1.212309e+005
1609,7.172119e+004,-1.929510e+005,-1.212298e+005
1610,7.179148e+004,-1.930202e+005,-1.212287e+005
1611,7.185978e+004,-1.930874e+005,-1.212276e+005
1612,7.192609e+004,-1.931526e+005,-1.212265e+005
1613,7.199040e+004,-1.932158e+005,-1.212254e+005
1614,7.205270e+004,-1.932770e+005,-1.212243e+005
1615,7.211301e+004,-1.933362e+005,-1.212232e+005
1616,7.217130e+004,-1.933933e+005,-1.212220e+005
1617,7.222759e+004,-1.934485e+005,-1.212209e+005
1618,7.228186e+004,-1.935017e+005,-1.212198e+005
1619,7.233412e+004,-1.935528e+005,-1.212187e+005
1620,7.238436e+004,-1.936019e+005,-1.212176e+005
1621,7.243257e+004,-1.936490e+005,-1.212164e+005
1622,7.247877e+004,-1.936941e+005,-1.212153e+005
1623,7.252294e+004,-1.937371e+005,-1.212142e+005
1624,7.256509e+004,-1.937781e+005,-1.212130e+005
1625,7.260520e+004,-1.938171e+005,-1.212119e+005
1626,7.264329e+004,-1.938541e+005,-1.212108e+005
1627,7.267934e+004,-1.938890e+005,-1.212096e+005
1628,7.271336e+004,-1.939218e+005,-1.212085e+005
1629,7.274534e+004,-1.939527e+005,-1.212073e+005
1630,7.277529e+004,-1.939815e+005,-1.212062e+005
1631,7.280320e+004,-1.940082e+005,-1.212050e+005
1632,7.282907e+004,-1.940330e+005,-1.212039e+005
1633,7.285289e+004,-1.940556e+005,-1.212027e+005
1634,7.287468e+004,-1.940763e+005,-1.212016e+005
1635,7.289442e+004,-1.940948e+005,-1.212004e+005
1636,7.291212e+004,-1.941114e+005,-1.211993e+005
1637,7.292778e+004,-1.941259e+005,-1.211981e+005
1638,7.294139e+004,-1.941383e+005,-1.211969e+005
1639,7.295296e+004,-1.941487e+005,-1.211957e+005
1640,7.296249e+004,-1.941571e+005,-1.211946e+005
1641,7.296997e+004,-1.941634e+005,-1.211934e+005
1642,7.297540e+004,-1.941676e+005,-1.211922e+005
1643,7.297880e+004,-1.941698e+005,-1.211910e+005
1644,7.298015e+004,-1.941700e+005,-1.211898e+005
1645,7.297946e+004,-1.941681e+005,-1.211886e+005
1646,7.297673e+004,-1.941642e+005,-1.211875e+005
1647,7.297195e+004,-1.941582e+005,-1.211863e+005
1648,7.296514e+004,-1.941502e+005,-1.211851e+005
1649,7.295630e+004,-1.941402e+005,-1.211839e+005
1650,7.294541e+004,-1.941281e+005,-1.211826e+005
1651,7.293250e+004,-1.941139e+005,-1.211814e+005
1652,7.291755e+004,-1.940978e+005,-1.211802e+005
1653,7.290057e+004,-1.940796e+005,-1.211790e+005
1654,7.288157e+004,-1.940594e+005,-1.211778e+005
1655,7.286054e+004,-1.940371e+005,-1.211766e+005
1656,7.283750e+004,-1.940128e+005,-1.211754e+005
1657,7.281243e+004,-1.939866e+005,-1.211741e+005
1658,7.278535e+004,-1.939582e+005,-1.211729e+005
1659,7.275627e+004,-1.939279e+005,-1.211717e+005
1660,7.272517e+004,-1.938956e+005,-1.211704e+005
1661,7.269207e+004,-1.938613e+005,-1.211692e+005
1662,7.265698e+004,-1.938249e+005,-1.211679e+005
1663,7.261989e+004,-1.937866e+005,-1.211667e+005
1664,7.258081e+004,-1.937463e+005,-1.211654e+005
1665,7.253975e+004,-1.937039e+005,-1.211642e+005
1666,7.249671e+004,-1.936597e+005,-1.211629e+005
1667,7.245171e+004,-1.936134e+005,-1.211617e+005
1668,7.240473e+004,-1.935651e+005,-1.211604e+005
1669,7.235580e+004,-1.935150e+005,-1.211592e+005
1670,7.230491e+004,-1.934628e+005,-1.211579e+005
1671,7.225208e+004,-1.934087e+005,-1.211566e+005
1672,7.219732e+004,-1.933527e+005,-1.211553e+005
1673,7.214062e+004,-1.932947e+005,-1.211541e+005
1674,7.208200e+004,-1.932348e+005,-1.211528e+005
1675,7.202146e+004,-1.931730e+005,-1.211515e+005
1676,7.195902e+004,-1.931092e+005,-1.211502e+005
1677,7.189469e+004,-1.930436e+005,-1.211489e+005
1678,7.182846e+004,-1.929761e+005,-1.211476e+005
1679,7.176036e+004,-1.929067e+005,-1.211464e+005
1680,7.169039e+004,-1.928355e+005,-1.211451e+005
1681,7.161857e+004,-1.927623e+005,-1.211438e+005
1682,7.154490e+004,-1.926874e+005,-1.211425e+005
1683,7.146940e+004,-1.926106e+005,-1.211412e+005
1684,7.139207e+004,-1.925319e+005,-1.211399e+005
1685,7.131293e+004,-1.924515e+005,-1.211385e+005
1686,7.123199e+004,-1.923692e+005,-1.211372e+005
1687,7.114927e+004,-1.922852e+005,-1.211359e+005
1688,7.106477e+004,-1.921994e+005,-1.211346e+005
1689,7.097851e+004,-1.921118e+005,-1.211333e+005
1690,7.089051e+004,-1.920225e+005,-1.211320e+005
1691,7.080078e+004,-1.919315e+005,-1.211307e+005
1692,7.070934e+004,-1.918387e+005,-1.211293e+005
1693,7.061619e+004,-1.917442e+005,-1.211280e+005
1694,7.052136e+004,-1.916481e+005,-1.211267e+005
1695,7.042486e+004,-1.915502e+005,-1.211254e+005
1696,7.032670e+004,-1.914508e+005,-1.211241e+005
1697,7.022692e+004,-1.913496e+005,-1.211227e+005
1698,7.012551e+004,-1.912469e+005,-1.211214e+005
1699,7.002251e+004,-1.911426e+005,-1.211201e+005
1700,6.991793e+004,-1.910367e+005,-1.211187e+005
1701,6.981178e+004,-1.909292e+005,-1.211174e+005
1702,6.970410e+004,-1.908202e+005,-1.211161e+005
1703,6.959489e+004,-1.907096e+005,-1.211147e+005
1704,6.948418e+004,-1.905976e+005,-1.211134e+005
1705,6.937199e+004,-1.904841e+005,-1.211121e+005
1706,6.925834e+004,-1.903691e+005,-1.211107e+005
1707,6.914326e+004,-1.902527e+005,-1.211094e+005
1708,6.902676e+004,-1.901348e+005,-1.211081e+005
1709,6.890887e+004,-1.900156e+005,-1.211067e+005
1710,6.878961e+004,-1.898950e+005,-1.211054e+005
1711,6.866901e+004,-1.897731e+005,-1.211041e+005
1712,6.854709e+004,-1.896498e+005,-1.211027e+005
1713,6.842388e+004,-1.895253e+005,-1.211014e+005
1714,6.829940e+004,-1.893995e+005,-1.211001e+005
1715,6.817368e+004,-1.892724e+005,-1.210987e+005
1716,6.804675e+004,-1.891441e+005,-1.210974e+005
1717,6.791862e+004,-1.890147e+005,-1.210961e+005
1718,6.778934e+004,-1.888841e+005,-1.210947e+005
1719,6.765893e+004,-1.887523e+005,-1.210934e+005
1720,6.752742e+004,-1.886195e+005,-1.210921e+005
1721,6.739483e+004,-1.884856e+005,-1.210908e+005
1722,6.726120e+004,-1.883506e+005,-1.210894e+005
1723,6.712656e+004,-1.882147e+005,-1.210881e+005
1724,6.699094e+004,-1.880777e+005,-1.210868e+005
1725,6.685438e+004,-1.879399e+005,-1.210855e+005
1726,6.671689e+004,-1.878011e+005,-1.210842e+005
1727,6.657853e+004,-1.876614e+005,-1.210829e+005
1728,6.643931e+004,-1.875209e+005,-1.210815e+005
1729,6.629928e+004,-1.873795e+005,-1.210802e+005
1730,6.615847e+004,-1.872374e+005,-1.210789e+005
1731,6.601691e+004,-1.870946e+005,-1.210776e+005
1732,6.587465e+004,-1.869510e+005,-1.210763e+005
1733,6.573171e+004,-1.868068e+005,-1.210750e+005
1734,6.558813e+004,-1.866619e+005,-1.210738e+005
1735,6.544396e+004,-1.865164e+005,-1.210725e+005
1736,6.529923e+004,-1.863704e+005,-1.210712e+005
1737,6.515397e+004,-1.862239e+005,-1.210699e+005
1738,6.500823e+004,-1.860769e+005,-1.210686e+005
1739,6.486204e+004,-1.859294e+005,-1.210674e+005
1740,6.471546e+004,-1.857816e+005,-1.210661e+005
1741,6.456851e+004,-1.856334e+005,-1.210649e+005
1742,6.442124e+004,-1.854848e+005,-1.210636e+005
1743,6.427369e+004,-1.853360e+005,-1.210624e+005
1744,6.412590e+004,-1.851870e+005,-1.210611e+005
1745,6.397791e+004,-1.850378e+005,-1.210599e+005
1746,6.382978e+004,-1.848884e+005,-1.210586e+005
1747,6.368154e+004,-1.847389e+005,-1.210574e+005
1748,6.353323e+004,-1.845894e+005,-1.210562e+005
1749,6.338491e+004,-1.844399e+005,-1.210550e+005
1750,6.323661e+004,-1.842904e+005,-1.210538e+005
1751,6.308839e+004,-1.841410e+005,-1.210526e+005
1752,6.294028e+004,-1.839917e+005,-1.210514e+005
1753,6.279234e+004,-1.838425e+005,-1.210502e+005
1754,6.264461e+004,-1.836936e+005,-1.210490e+005
1755,6.249714e+004,-1.835450e+005,-1.210478e+005
1756,6.234998e+004,-1.833966e+005,-1.210467e+005
1757,6.220317e+004,-1.832487e+005,-1.210455e+005
1758,6.205677e+004,-1.831011e+005,-1.210443e+005
1759,6.191081e+004,-1.829540e+005,-1.210432e+005
1760,6.176536e+004,-1.828074e+005,-1.210421e+005
1761,6.162047e+004,-1.826614e+005,-1.210409e+005
1762,6.147617e+004,-1.825160e+005,-1.210398e+005
1763,6.133252e+004,-1.823712e+005,-1.210387e+005
1764,6.118958e+004,-1.822272e+005,-1.210376e+005
1765,6.104739e+004,-1.820839e+005,-1.210365e+005
1766,6.090600e+004,-1.819414e+005,-1.210354e+005
1767,6.076547e+004,-1.817998e+005,-1.210343e+005
1768,6.062584e+004,-1.816591e+005,-1.210332e+005
1769,6.048718e+004,-1.815194e+005,-1.210322e+005
1770,6.034952e+004,-1.813806e+005,-1.210311e+005
1771,6.021292e+004,-1.812430e+005,-1.210301e+005
1772,6.007744e+004,-1.811065e+005,-1.210290e+005
1773,5.994312e+004,-1.809711e+005,-1.210280e+005
1774,5.981002e+004,-1.808370e+005,-1.210270e+005
1775,5.967819e+004,-1.807042e+005,-1.210260e+005
1776,5.954768e+004,-1.805727e+005,-1.210250e+005
1777,5.941855e+004,-1.804425e+005,-1.210240e+005
1778,5.929085e+004,-1.803139e+005,-1.210230e+005
1779,5.916462e+004,-1.801867e+005,-1.210220e+005
1780,5.903992e+004,-1.800610e+005,-1.210211e+005
1781,5.891681e+004,-1.799369e+005,-1.210201e+005
1782,5.879534e+004,-1.798145e+005,-1.210192e+005
1783,5.867555e+004,-1.796938e+005,-1.210182e+005
1784,5.855750e+004,-1.795748e+005,-1.210173e+005
1785,5.844125e+004,-1.794577e+005,-1.210164e+005
1786,5.832683e+004,-1.793423e+005,-1.210155e+005
1787,5.821431e+004,-1.792289e+005,-1.210146e+005
1788,5.810373e+004,-1.791174e+005,-1.210137e+005
1789,5.799515e+004,-1.790080e+005,-1.210128e+005
1790,5.788861e+004,-1.789006e+005,-1.210120e+005
1791,5.778417e+004,-1.787953e+005,-1.210111e+005
1792,5.768187e+004,-1.786921e+005,-1.210103e+005
1793,5.758176e+004,-1.785912e+005,-1.210094e+005
1794,5.748390e+004,-1.784925e+005,-1.210086e+005
1795,5.738832e+004,-1.783961e+005,-1.210078e+005
1796,5.729509e+004,-1.783020e+005,-1.210069e+005
1797,5.720424e+004,-1.782104e+005,-1.210061e+005
1798,5.711582e+004,-1.781212e+005,-1.210053e+005
1799,5.702988e+004,-1.780344e+005,-1.210046e+005
1800,5.694646e+004,-1.779502e+005,-1.210038e+005
1801,5.686561e+004,-1.778686e+005,-1.210030e+005
1802,5.678737e+004,-1.777896e+005,-1.210022e+005
1803,5.671179e+004,-1.777133e+005,-1.210015e+005
1804,5.663891e+004,-1.776397e+005,-1.210008e+005
1805,5.656877e+004,-1.775688e+005,-1.210000e+005
1806,5.650141e+004,-1.775007e+005,-1.209993e+005
1807,5.643688e+004,-1.774354e+005,-1.209986e+005
1808,5.637521e+004,-1.773731e+005,-1.209978e+005
1809,5.631644e+004,-1.773136e+005,-1.209971e+005
1810,5.626061e+004,-1.772571e+005,-1.209964e+005
1811,5.620776e+004,-1.772035e+005,-1.209958e+005
1812,5.615793e+004,-1.771530e+005,-1.209951e+005
1813,5.611114e+004,-1.771055e+005,-1.209944e+005
1814,5.606744e+004,-1.770612e+005,-1.209937e+005
1815,5.602686e+004,-1.770199e+005,-1.209930e+005
1816,5.598942e+004,-1.769818e+005,-1.209924e+005
1817,5.595518e+004,-1.769469e+005,-1.209917e+005
1818,5.592414e+004,-1.769152e+005,-1.209911e+005
1819,5.589635e+004,-1.768868e+005,-1.209904e+005
1820,5.587183e+004,-1.768616e+005,-1.209898e+005
1821,5.585060e+004,-1.768398e+005,-1.209892e+005
1822,5.583271e+004,-1.768213e+005,-1.209885e+005
1823,5.581816e+004,-1.768061e+005,-1.209879e+005
1824,5.580699e+004,-1.767943e+005,-1.209873e+005
1825,5.579922e+004,-1.767859e+005,-1.209867e+005
1826,5.579487e+004,-1.767810e+005,-1.209861e+005
1827,5.579396e+004,-1.767794e+005,-1.209855e+005
1828,5.579652e+004,-1.767814e+005,-1.209849e+005
1829,5.580255e+004,-1.767868e+005,-1.209843e+005
1830,5.581208e+004,-1.767958e+005,-1.209837e+005
1831,5.582512e+004,-1.768082e+005,-1.209831e+005
1832,5.584169e+004,-1.768242e+005,-1.209825e+005
1833,5.586181e+004,-1.768437e+005,-1.209819e+005
1834,5.588548e+004,-1.768668e+005,-1.209813e+005
1835,5.591271e+004,-1.768934e+005,-1.209807e+005
1836,5.594352e+004,-1.769237e+005,-1.209801e+005
1837,5.597792e+004,-1.769575e+005,-1.209795e+005
1838,5.601591e+004,-1.769949e+005,-1.209790e+005
1839,5.605750e+004,-1.770359e+005,-1.209784e+005
1840,5.610269e+004,-1.770805e+005,-1.209778e+005
1841,5.615150e+004,-1.771287e+005,-1.209772e+005
1842,5.620391e+004,-1.771805e+005,-1.209766e+005
1843,5.625994e+004,-1.772360e+005,-1.209760e+005
1844,5.631958e+004,-1.772950e+005,-1.209755e+005
1845,5.638283e+004,-1.773577e+005,-1.209749e+005
1846,5.644970e+004,-1.774240e+005,-1.209743e+005
1847,5.652017e+004,-1.774939e+005,-1.209737e+005
1848,5.659424e+004,-1.775673e+005,-1.209731e+005
1849,5.667191e+004,-1.776444e+005,-1.209725e+005
1850,5.675317e+004,-1.777251e+005,-1.209719e+005
1851,5.683801e+004,-1.778093e+005,-1.209713e+005
1852,5.692643e+004,-1.778971e+005,-1.209707e+005
1853,5.701840e+004,-1.779885e+005,-1.209701e+005
1854,5.711393e+004,-1.780834e+005,-1.209695e+005
1855,5.721299e+004,-1.781819e+005,-1.209689e+005
1856,5.731558e+004,-1.782838e+005,-1.209683e+005
1857,5.742168e+004,-1.783893e+005,-1.209676e+005
1858,5.753126e+004,-1.784983e+005,-1.209670e+005
1859,5.764433e+004,-1.786107e+005,-1.209664e+005
1860,5.776084e+004,-1.787266e+005,-1.209657e+005
1861,5.788080e+004,-1.788459e+005,-1.209651e+005
1862,5.800417e+004,-1.789686e+005,-1.209645e+005
1863,5.813093e+004,-1.790947e+005,-1.209638e+005
1864,5.826107e+004,-1.792242e+005,-1.209631e+005
1865,5.839455e+004,-1.793570e+005,-1.209625e+005
1866,5.853136e+004,-1.794932e+005,-1.209618e+005
1867,5.867146e+004,-1.796326e+005,-1.209611e+005
1868,5.881483e+004,-1.797753e+005,-1.209605e+005
1869,5.896144e+004,-1.799212e+005,-1.209598e+005
1870,5.911127e+004,-1.800703e+005,-1.209591e+005
1871,5.926428e+004,-1.802226e+005,-1.209584e+005
1872,5.942044e+004,-1.803781e+005,-1.209576e+005
1873,5.957972e+004,-1.805367e+005,-1.209569e+005
1874,5.974209e+004,-1.806983e+005,-1.209562e+005
1875,5.990752e+004,-1.808630e+005,-1.209555e+005
1876,6.007596e+004,-1.810307e+005,-1.209547e+005
1877,6.024739e+004,-1.812014e+005,-1.209540e+005
1878,6.042177e+004,-1.813750e+005,-1.209532e+005
1879,6.059906e+004,-1.815515e+005,-1.209524e+005
1880,6.077923e+004,-1.817309e+005,-1.209517e+005
1881,6.096223e+004,-1.819131e+005,-1.209509e+005
1882,6.114803e+004,-1.820981e+005,-1.209501e+005
1883,6.133659e+004,-1.822859e+005,-1.209493e+005
1884,6.152786e+004,-1.824763e+005,-1.209485e+005
1885,6.172181e+004,-1.826694e+005,-1.209476e+005
1886,6.191839e+004,-1.828652e+005,-1.209468e+005
1887,6.211755e+004,-1.830635e+005,-1.209459e+005
1888,6.231927e+004,-1.832644e+005,-1.209451e+005
1889,6.252348e+004,-1.834677e+005,-1.209442e+005
1890,6.273015e+004,-1.836735e+005,-1.209433e+005
1891,6.293923e+004,-1.838817e+005,-1.209425e+005
1892,6.315068e+004,-1.840922e+005,-1.209416e+005
1893,6.336444e+004,-1.843051e+005,-1.209406e+005
1894,6.358048e+004,-1.845202e+005,-1.209397e+005
1895,6.379873e+004,-1.847375e+005,-1.209388e+005
1896,6.401916e+004,-1.849570e+005,-1.209379e+005
1897,6.424171e+004,-1.851786e+005,-1.209369e+005
1898,6.446634e+004,-1.854023e+005,-1.209359e+005
1899,6.469299e+004,-1.856279e+005,-1.209350e+005
1900,6.492161e+004,-1.858556e+005,-1.209340e+005
1901,6.515216e+004,-1.860851e+005,-1.209330e+005
1902,6.538457e+004,-1.863165e+005,-1.209320e+005
1903,6.561881e+004,-1.865497e+005,-1.209309e+005
1904,6.585480e+004,-1.867847e+005,-1.209299e+005
1905,6.609251e+004,-1.870213e+005,-1.209288e+005
1906,6.633187e+004,-1.872597e+005,-1.209278e+005
1907,6.657284e+004,-1.874995e+005,-1.209267e+005
1908,6.681536e+004,-1.877410e+005,-1.209256e+005
1909,6.705937e+004,-1.879839e+005,-1.209245e+005
1910,6.730481e+004,-1.882282e+005,-1.209234e+005
1911,6.755164e+004,-1.884739e+005,-1.209223e+005
1912,6.779979e+004,-1.887209e+005,-1.209211e+005
1913,6.804921e+004,-1.889692e+005,-1.209200e+005
1914,6.829985e+004,-1.892187e+005,-1.209188e+005
1915,6.855163e+004,-1.894693e+005,-1.209176e+005
1916,6.880451e+004,-1.897209e+005,-1.209164e+005
1917,6.905843e+004,-1.899737e+005,-1.209152e+005
1918,6.931332e+004,-1.902273e+005,-1.209140e+005
1919,6.956914e+004,-1.904819e+005,-1.209128e+005
1920,6.982581e+004,-1.907373e+005,-1.209115e+005
1921,7.008328e+004,-1.909935e+005,-1.209102e+005
1922,7.034149e+004,-1.912505e+005,-1.209090e+005
1923,7.060038e+004,-1.915081e+005,-1.209077e+005
1924,7.085989e+004,-1.917662e+005,-1.209064e+005
1925,7.111995e+004,-1.920250e+005,-1.209050e+005
1926,7.138050e+004,-1.922842e+005,-1.209037e+005
1927,7.164149e+004,-1.925438e+005,-1.209023e+005
1928,7.190285e+004,-1.928038e+005,-1.209010e+005
1929,7.216452e+004,-1.930641e+005,-1.208996e+005
1930,7.242643e+004,-1.933246e+005,-1.208982e+005
1931,7.268852e+004,-1.935853e+005,-1.208968e+005
1932,7.295073e+004,-1.938461e+005,-1.208953e+005
1933,7.321299e+004,-1.941069e+005,-1.208939e+005
1934,7.347525e+004,-1.943677e+005,-1.208924e+005
1935,7.373742e+004,-1.946283e+005,-1.208909e+005
1936,7.399946e+004,-1.948889e+005,-1.208894e+005
1937,7.426129e+004,-1.951492e+005,-1.208879e+005
1938,7.452285e+004,-1.954092e+005,-1.208864e+005
1939,7.478407e+004,-1.956689e+005,-1.208848e+005
1940,7.504489e+004,-1.959281e+005,-1.208832e+005
1941,7.530524e+004,-1.961869e+005,-1.208816e+005
1942,7.556505e+004,-1.964451e+005,-1.208800e+005
1943,7.582426e+004,-1.967027e+005,-1.208784e+005
1944,7.608280e+004,-1.969596e+005,-1.208768e+005
1945,7.634060e+004,-1.972157e+005,-1.208751e+005
1946,7.659759e+004,-1.974710e+005,-1.208734e+005
1947,7.685371e+004,-1.977254e+005,-1.208717e+005
1948,7.710888e+004,-1.979789e+005,-1.208700e+005
1949,7.736304e+004,-1.982313e+005,-1.208683e+005
1950,7.761612e+004,-1.984826e+005,-1.208665e+005
1951,7.786805e+004,-1.987328e+005,-1.208647e+005
1952,7.811876e+004,-1.989817e+005,-1.208629e+005
1953,7.836817e+004,-1.992293e+005,-1.208611e+005
1954,7.861623e+004,-1.994755e+005,-1.208592e+005
1955,7.886285e+004,-1.997202e+005,-1.208574e+005
1956,7.910797e+004,-1.999635e+005,-1.208555e+005
1957,7.935152e+004,-2.002051e+005,-1.208536e+005
1958,7.959342e+004,-2.004451e+005,-1.208516e+005
1959,7.983361e+004,-2.006833e+005,-1.208497e+005
1960,8.007201e+004,-2.009197e+005,-1.208477e+005
1961,8.030855e+004,-2.011543e+005,-1.208457e+005
1962,8.054315e+004,-2.013868e+005,-1.208437e+005
1963,8.077575e+004,-2.016174e+005,-1.208416e+005
1964,8.100628e+004,-2.018458e+005,-1.208396e+005
1965,8.123465e+004,-2.020721e+005,-1.208375e+005
1966,8.146081e+004,-2.022962e+005,-1.208354e+005
1967,8.168466e+004,-2.025179e+005,-1.208332e+005
1968,8.190615e+004,-2.027372e+005,-1.208310e+005
1969,8.212520e+004,-2.029540e+005,-1.208288e+005
1970,8.234173e+004,-2.031684e+005,-1.208266e+005
1971,8.255567e+004,-2.033801e+005,-1.208244e+005
1972,8.276696e+004,-2.035891e+005,-1.208221e+005
1973,8.297550e+004,-2.037953e+005,-1.208198e+005
1974,8.318124e+004,-2.039987e+005,-1.208175e+005
1975,8.338410e+004,-2.041992e+005,-1.208151e+005
1976,8.358400e+004,-2.043968e+005,-1.208128e+005
1977,8.378088e+004,-2.045912e+005,-1.208103e+005
1978,8.397465e+004,-2.047826e+005,-1.208079e+005
1979,8.416525e+004,-2.049707e+005,-1.208054e+005
1980,8.435261e+004,-2.051556e+005,-1.208030e+005
1981,8.453664e+004,-2.053371e+005,-1.208004e+005
1982,8.471729e+004,-2.055152e+005,-1.207979e+005
1983,8.489447e+004,-2.056898e+005,-1.207953e+005
1984,8.506813e+004,-2.058608e+005,-1.207927e+005
1985,8.523818e+004,-2.060282e+005,-1.207901e+005
1986,8.540455e+004,-2.061919e+005,-1.207874e+005
1987,8.556718e+004,-2.063519e+005,-1.207847e+005
1988,8.572600e+004,-2.065080e+005,-1.207820e+005
1989,8.588094e+004,-2.066601e+005,-1.207792e+005
1990,8.603193e+004,-2.068083e+005,-1.207764e+005
1991,8.617890e+004,-2.069525e+005,-1.207736e+005
1992,8.632180e+004,-2.070925e+005,-1.207707e+005
1993,8.646054e+004,-2.072284e+005,-1.207679e+005
1994,8.659508e+004,-2.073600e+005,-1.207650e+005
1995,8.672534e+004,-2.074874e+005,-1.207620e+005
1996,8.685126e+004,-2.076103e+005,-1.207590e+005
1997,8.697279e+004,-2.077288e+005,-1.207560e+005
1998,8.708987e+004,-2.078429e+005,-1.207530e+005
1999,8.720243e+004,-2.079524e+005,-1.207499e+005
